$begin 'freq'
	$begin 'CMAInfo'
		NumOfPorts=0
		NumOfLocalModes=9
		NumOfGlobalModes=9
		NumOfModelUnknown=16614
		NumOfElectricUnknowns=16614
		NumOfMagneticUnknowns=0
		NumOfAntennaUnknowns=0
		Freq=1500000000
		MinSignificance=0.02
		LocalToGlobalModeNum[9: 0, 1, 2, 3, 4, 5, 6, 7, 8]
		LocalToDisplayModeNum[9: 0, 1, 2, 3, 4, 5, 6, 7, 8]
		EigenValue[9: -3.88812785950815, -3.94464796743708, -6.38056819608032, -12.2426020178828, -16.7716732209374, -20.5008023517585, -37.3655742261035, -38.8690303095134, -46.8915004216542]
		$begin 'ModeCoefficients'
		$end 'ModeCoefficients'
		$begin 'ModelYMatrices'
		$end 'ModelYMatrices'
	$end 'CMAInfo'
$end 'freq'
$begin 'freq'
	$begin 'CMAInfo'
		NumOfPorts=0
		NumOfLocalModes=8
		NumOfGlobalModes=9
		NumOfModelUnknown=16614
		NumOfElectricUnknowns=16614
		NumOfMagneticUnknowns=0
		NumOfAntennaUnknowns=0
		Freq=1450000000
		MinSignificance=0.02
		LocalToGlobalModeNum[8: 0, 1, 2, 3, 4, 5, 6, 7]
		LocalToDisplayModeNum[8: 0, 1, 2, 3, 4, 5, 6, 7]
		EigenValue[8: -4.1998355136602, -4.26006148217131, -7.44761667527203, -14.255227013171, -19.4016462196887, -21.6465905704826, -42.5641894245346, -44.3169466877211]
		$begin 'ModeCoefficients'
		$end 'ModeCoefficients'
		$begin 'ModelYMatrices'
		$end 'ModelYMatrices'
	$end 'CMAInfo'
$end 'freq'
