G3dErrFileVersion 2018P3.1
FlagFileMetaData Begin
   Mesh Size - Setup2, Refinement, Pass #1, Freq. 9.150000e+08 :Title    
   Listing of mesh elements with poor quality. :ToolTip  
   hf3d :Author   
   1741569345 :TimeStamp
FlagFileMetaData End
BEGIN_ERR 
26 Small mesh segment detected on body : Coax
 Small mesh segment detected on body : Coax 
 Segment Statistics - Number of Segments : 1 --- Segment length(s) : 0.012179cm. The cutoff frequency for S-Matrix Only Solve is 905.593581155543kHz 
3 -1  68  187  # nfids, fids[]
2 66  -1  # nbids, bids[]
      7 4 1 0 #ntets ntri ned npts
          -1.3492173199999999e+00  -1.4782073000000001e-01  -5.0000000000000000e-01 #xyz tv0
          -1.4104466700000000e+00  -1.6000000000000000e-01  -4.2378409247432980e-01 #xyz tv1
          -1.3538781300000000e+00  -1.3656854000000002e-01  -5.0000000000000000e-01 #xyz tv2
          -1.4104466700000000e+00  -1.6000000000000000e-01  -3.4756818494865960e-01 -1 66 #xyz tv3 fid bid
          -1.3492173199999999e+00  -1.4782073000000001e-01  -5.0000000000000000e-01 #xyz tv0
          -1.3538781300000000e+00  -1.3656854000000002e-01  -5.0000000000000000e-01 #xyz tv1
          -1.3492173199999999e+00  -1.4782073000000001e-01  -1.8081667916118660e-01 #xyz tv2
          -1.4104466700000000e+00  -1.6000000000000000e-01  -3.4756818494865960e-01 -1 66 #xyz tv3 fid bid
          -1.3492173199999999e+00  -1.4782073000000001e-01  -5.0000000000000000e-01 #xyz tv0
          -1.3538781300000000e+00  -1.3656854000000002e-01  -5.0000000000000000e-01 #xyz tv1
          -1.4104466700000000e+00  -1.6000000000000000e-01  -4.2378409247432980e-01 #xyz tv2
          -1.3821623999999999e+00  -1.4828427000000000e-01  -5.0000000000000000e-01 -1 66 #xyz tv3 fid bid
          -1.3492173199999999e+00  -1.4782073000000001e-01  -5.0000000000000000e-01 #xyz tv0
          -1.3492173199999999e+00  -1.4782073000000001e-01  -1.8081667916118660e-01 #xyz tv1
          -1.3538781300000000e+00  -1.3656854000000002e-01  -5.0000000000000000e-01 #xyz tv2
          -1.2973095900000000e+00  -1.1313708000000001e-01  -3.7216768146748336e-01 -1 66 #xyz tv3 fid bid
          -1.3821623999999999e+00  -1.4828427000000000e-01  -5.0000000000000000e-01 #xyz tv0
          -1.3492173199999999e+00  -1.4782073000000001e-01  -5.5000000000000004e-01 #xyz tv1
          -1.3492173199999999e+00  -1.4782073000000001e-01  -5.0000000000000000e-01 #xyz tv2
          -1.3538781300000000e+00  -1.3656854000000002e-01  -5.0000000000000000e-01 -1 66 #xyz tv3 fid bid
          -1.3538781300000000e+00  -1.3656854000000002e-01  -5.0000000000000000e-01 #xyz tv0
          -1.3492173199999999e+00  -1.4782073000000001e-01  -5.5000000000000004e-01 #xyz tv1
          -1.3492173199999999e+00  -1.4782073000000001e-01  -5.0000000000000000e-01 #xyz tv2
          -1.2973095900000000e+00  -1.1313708000000001e-01  -5.0000000000000000e-01 -1 66 #xyz tv3 fid bid
          -1.3538781300000000e+00  -1.3656854000000002e-01  -5.0000000000000000e-01 #xyz tv0
          -1.3492173199999999e+00  -1.4782073000000001e-01  -5.0000000000000000e-01 #xyz tv1
          -1.2973095900000000e+00  -1.1313708000000001e-01  -3.7216768146748336e-01 #xyz tv2
          -1.2973095900000000e+00  -1.1313708000000001e-01  -5.0000000000000000e-01 -1 66 #xyz tv3 fid bid
          -1.3538781300000000e+00  -1.3656854000000002e-01  -5.0000000000000000e-01 #xyz tv0
          -1.2973095900000000e+00  -1.1313708000000001e-01  -5.0000000000000000e-01 #xyz tv1
          -1.3492173199999999e+00  -1.4782073000000001e-01  -5.0000000000000000e-01 68 -1 #xyz tv2 fid bid
          -1.3538781300000000e+00  -1.3656854000000002e-01  -5.0000000000000000e-01 #xyz tv0
          -1.2973095900000000e+00  -1.1313708000000001e-01  -5.0000000000000000e-01 #xyz tv1
          -1.3492173199999999e+00  -1.4782073000000001e-01  -5.0000000000000000e-01 187 -1 #xyz tv2 fid bid
          -1.3821623999999999e+00  -1.4828427000000000e-01  -5.0000000000000000e-01 #xyz tv0
          -1.3538781300000000e+00  -1.3656854000000002e-01  -5.0000000000000000e-01 #xyz tv1
          -1.3492173199999999e+00  -1.4782073000000001e-01  -5.0000000000000000e-01 68 -1 #xyz tv2 fid bid
          -1.3821623999999999e+00  -1.4828427000000000e-01  -5.0000000000000000e-01 #xyz tv0
          -1.3538781300000000e+00  -1.3656854000000002e-01  -5.0000000000000000e-01 #xyz tv1
          -1.3492173199999999e+00  -1.4782073000000001e-01  -5.0000000000000000e-01 187 -1 #xyz tv2 fid bid
          -1.3492173199999999e+00  -1.4782073000000001e-01  -5.0000000000000000e-01 #xyz ev0
          -1.3538781300000000e+00  -1.3656854000000002e-01  -5.0000000000000000e-01 -1 66 #xyz ev1 fid bid
   0   0.000000000000e+00   0.000000000000e+00   0.000000000000e+00 #flag location
END_ERR 
G3dErrFileVersion 2018P3.1
FlagFileMetaData Begin
   Mesh Size - Setup2, Refinement, Pass #2, Freq. 9.150000e+08 :Title    
   Listing of mesh elements with poor quality. :ToolTip  
   hf3d :Author   
   1741569354 :TimeStamp
FlagFileMetaData End
BEGIN_ERR 
26 Small mesh segment detected on body : Coax
 Small mesh segment detected on body : Coax 
 Segment Statistics - Number of Segments : 1 --- Segment length(s) : 0.016554cm. The cutoff frequency for S-Matrix Only Solve is 905.593581155543kHz 
2 -1  76  # nfids, fids[]
2 66  -1  # nbids, bids[]
      7 2 1 0 #ntets ntri ned npts
          -1.3609492000000001e+00  -4.9497470000000002e-02  -5.0000000000000000e-01 #xyz tv0
          -1.3609492000000001e+00  -4.9497470000000002e-02  -4.8344610017332218e-01 #xyz tv1
          -1.3473183939342994e+00  -8.6938331810956809e-02  -5.0000000000000000e-01 #xyz tv2
          -1.3836588299999999e+00  -6.4671569999999998e-02  -5.0000000000000000e-01 -1 66 #xyz tv3 fid bid
          -1.3609492000000001e+00  -4.9497470000000002e-02  -5.0000000000000000e-01 #xyz tv0
          -1.3473183939342994e+00  -8.6938331810956809e-02  -5.0000000000000000e-01 #xyz tv1
          -1.3609492000000001e+00  -4.9497470000000002e-02  -4.8344610017332218e-01 #xyz tv2
          -1.3215423450000001e+00  -6.9962460000000004e-02  -5.0000000000000000e-01 -1 66 #xyz tv3 fid bid
          -1.3609492000000001e+00  -4.9497470000000002e-02  -4.8344610017332218e-01 #xyz tv0
          -1.3836588299999999e+00   6.4671569999999998e-02  -5.0000000000000000e-01 #xyz tv1
          -1.3836588299999999e+00  -6.4671569999999998e-02  -5.0000000000000000e-01 #xyz tv2
          -1.3609492000000001e+00  -4.9497470000000002e-02  -5.0000000000000000e-01 -1 66 #xyz tv3 fid bid
          -1.3215423450000001e+00  -6.9962460000000004e-02  -5.0000000000000000e-01 #xyz tv0
          -1.3609492000000001e+00  -4.9497470000000002e-02  -4.8344610017332218e-01 #xyz tv1
          -1.3609492000000001e+00  -4.9497470000000002e-02  -5.0000000000000000e-01 #xyz tv2
          -1.3457751000000000e+00  -2.6787840000000000e-02  -5.0000000000000000e-01 -1 66 #xyz tv3 fid bid
          -1.3609492000000001e+00  -4.9497470000000002e-02  -5.0000000000000000e-01 #xyz tv0
          -1.3609492000000001e+00   4.9497470000000002e-02  -5.0000000000000000e-01 #xyz tv1
          -1.3609492000000001e+00  -4.9497470000000002e-02  -4.8344610017332218e-01 #xyz tv2
          -1.3836588299999999e+00   6.4671569999999998e-02  -5.0000000000000000e-01 -1 66 #xyz tv3 fid bid
          -1.3404466700000000e+00   0.0000000000000000e+00  -5.0000000000000000e-01 #xyz tv0
          -1.3609492000000001e+00  -4.9497470000000002e-02  -5.0000000000000000e-01 #xyz tv1
          -1.3609492000000001e+00  -4.9497470000000002e-02  -4.8344610017332218e-01 #xyz tv2
          -1.3457751000000000e+00  -2.6787840000000000e-02  -5.0000000000000000e-01 -1 66 #xyz tv3 fid bid
          -1.3404466700000000e+00   0.0000000000000000e+00  -5.0000000000000000e-01 #xyz tv0
          -1.3609492000000001e+00  -4.9497470000000002e-02  -4.8344610017332218e-01 #xyz tv1
          -1.3609492000000001e+00  -4.9497470000000002e-02  -5.0000000000000000e-01 #xyz tv2
          -1.3609492000000001e+00   4.9497470000000002e-02  -5.0000000000000000e-01 -1 66 #xyz tv3 fid bid
          -1.3609492000000001e+00  -4.9497470000000002e-02  -4.8344610017332218e-01 #xyz tv0
          -1.3457751000000000e+00  -2.6787840000000000e-02  -5.0000000000000000e-01 #xyz tv1
          -1.3609492000000001e+00  -4.9497470000000002e-02  -5.0000000000000000e-01 76 -1 #xyz tv2 fid bid
          -1.3836588299999999e+00  -6.4671569999999998e-02  -5.0000000000000000e-01 #xyz tv0
          -1.3609492000000001e+00  -4.9497470000000002e-02  -4.8344610017332218e-01 #xyz tv1
          -1.3609492000000001e+00  -4.9497470000000002e-02  -5.0000000000000000e-01 76 -1 #xyz tv2 fid bid
          -1.3609492000000001e+00  -4.9497470000000002e-02  -5.0000000000000000e-01 #xyz ev0
          -1.3609492000000001e+00  -4.9497470000000002e-02  -4.8344610017332218e-01 -1 66 #xyz ev1 fid bid
   0   0.000000000000e+00   0.000000000000e+00   0.000000000000e+00 #flag location
END_ERR 
G3dErrFileVersion 2018P3.1
FlagFileMetaData Begin
   Mesh Size - Setup2, Refinement, Pass #3, Freq. 9.150000e+08 :Title    
   Listing of mesh elements with poor quality. :ToolTip  
   hf3d :Author   
   1741569366 :TimeStamp
FlagFileMetaData End
BEGIN_ERR 
26 Small mesh segment detected on body : Coax
 Small mesh segment detected on body : Coax 
 Segment Statistics - Number of Segments : 1 --- Segment length(s) : 0.016554cm. The cutoff frequency for S-Matrix Only Solve is 905.593581155543kHz 
2 -1  76  # nfids, fids[]
2 66  -1  # nbids, bids[]
      7 2 1 0 #ntets ntri ned npts
          -1.3609492000000001e+00  -4.9497470000000002e-02  -5.0000000000000000e-01 #xyz tv0
          -1.3609492000000001e+00  -4.9497470000000002e-02  -4.8344610017332218e-01 #xyz tv1
          -1.3487273440239074e+00  -8.8103791846665142e-02  -5.0000000000000000e-01 #xyz tv2
          -1.3836588299999999e+00  -6.4671569999999998e-02  -5.0000000000000000e-01 -1 66 #xyz tv3 fid bid
          -1.3609492000000001e+00  -4.9497470000000002e-02  -5.0000000000000000e-01 #xyz tv0
          -1.3487273440239074e+00  -8.8103791846665142e-02  -5.0000000000000000e-01 #xyz tv1
          -1.3609492000000001e+00  -4.9497470000000002e-02  -4.8344610017332218e-01 #xyz tv2
          -1.3215423450000001e+00  -6.9962460000000004e-02  -5.0000000000000000e-01 -1 66 #xyz tv3 fid bid
          -1.3609492000000001e+00  -4.9497470000000002e-02  -4.8344610017332218e-01 #xyz tv0
          -1.3836588299999999e+00   6.4671569999999998e-02  -5.0000000000000000e-01 #xyz tv1
          -1.3836588299999999e+00  -6.4671569999999998e-02  -5.0000000000000000e-01 #xyz tv2
          -1.3609492000000001e+00  -4.9497470000000002e-02  -5.0000000000000000e-01 -1 66 #xyz tv3 fid bid
          -1.3215423450000001e+00  -6.9962460000000004e-02  -5.0000000000000000e-01 #xyz tv0
          -1.3609492000000001e+00  -4.9497470000000002e-02  -4.8344610017332218e-01 #xyz tv1
          -1.3609492000000001e+00  -4.9497470000000002e-02  -5.0000000000000000e-01 #xyz tv2
          -1.3457751000000000e+00  -2.6787840000000000e-02  -5.0000000000000000e-01 -1 66 #xyz tv3 fid bid
          -1.3609492000000001e+00  -4.9497470000000002e-02  -5.0000000000000000e-01 #xyz tv0
          -1.3609492000000001e+00   4.9497470000000002e-02  -5.0000000000000000e-01 #xyz tv1
          -1.3609492000000001e+00  -4.9497470000000002e-02  -4.8344610017332218e-01 #xyz tv2
          -1.3836588299999999e+00   6.4671569999999998e-02  -5.0000000000000000e-01 -1 66 #xyz tv3 fid bid
          -1.3404466700000000e+00   0.0000000000000000e+00  -5.0000000000000000e-01 #xyz tv0
          -1.3609492000000001e+00  -4.9497470000000002e-02  -5.0000000000000000e-01 #xyz tv1
          -1.3609492000000001e+00  -4.9497470000000002e-02  -4.8344610017332218e-01 #xyz tv2
          -1.3457751000000000e+00  -2.6787840000000000e-02  -5.0000000000000000e-01 -1 66 #xyz tv3 fid bid
          -1.3404466700000000e+00   0.0000000000000000e+00  -5.0000000000000000e-01 #xyz tv0
          -1.3609492000000001e+00  -4.9497470000000002e-02  -4.8344610017332218e-01 #xyz tv1
          -1.3609492000000001e+00  -4.9497470000000002e-02  -5.0000000000000000e-01 #xyz tv2
          -1.3609492000000001e+00   4.9497470000000002e-02  -5.0000000000000000e-01 -1 66 #xyz tv3 fid bid
          -1.3609492000000001e+00  -4.9497470000000002e-02  -4.8344610017332218e-01 #xyz tv0
          -1.3457751000000000e+00  -2.6787840000000000e-02  -5.0000000000000000e-01 #xyz tv1
          -1.3609492000000001e+00  -4.9497470000000002e-02  -5.0000000000000000e-01 76 -1 #xyz tv2 fid bid
          -1.3836588299999999e+00  -6.4671569999999998e-02  -5.0000000000000000e-01 #xyz tv0
          -1.3609492000000001e+00  -4.9497470000000002e-02  -4.8344610017332218e-01 #xyz tv1
          -1.3609492000000001e+00  -4.9497470000000002e-02  -5.0000000000000000e-01 76 -1 #xyz tv2 fid bid
          -1.3609492000000001e+00  -4.9497470000000002e-02  -5.0000000000000000e-01 #xyz ev0
          -1.3609492000000001e+00  -4.9497470000000002e-02  -4.8344610017332218e-01 -1 66 #xyz ev1 fid bid
   0   0.000000000000e+00   0.000000000000e+00   0.000000000000e+00 #flag location
END_ERR 
G3dErrFileVersion 2018P3.1
FlagFileMetaData Begin
   Mesh Size - Setup2, Refinement, Pass #4, Freq. 9.150000e+08 :Title    
   Listing of mesh elements with poor quality. :ToolTip  
   hf3d :Author   
   1741569377 :TimeStamp
FlagFileMetaData End
BEGIN_ERR 
26 Small mesh segment detected on body : Coax
 Small mesh segment detected on body : Coax 
 Segment Statistics - Number of Segments : 1 --- Segment length(s) : 0.016554cm. The cutoff frequency for S-Matrix Only Solve is 905.593581155543kHz 
2 -1  76  # nfids, fids[]
2 66  -1  # nbids, bids[]
      7 2 1 0 #ntets ntri ned npts
          -1.3609492000000001e+00  -4.9497470000000002e-02  -5.0000000000000000e-01 #xyz tv0
          -1.3609492000000001e+00  -4.9497470000000002e-02  -4.8344610017332218e-01 #xyz tv1
          -1.3489868405361820e+00  -8.8388825417099443e-02  -5.0000000000000000e-01 #xyz tv2
          -1.3836588299999999e+00  -6.4671569999999998e-02  -5.0000000000000000e-01 -1 66 #xyz tv3 fid bid
          -1.3609492000000001e+00  -4.9497470000000002e-02  -5.0000000000000000e-01 #xyz tv0
          -1.3382933360521383e+00  -5.0490301028294673e-02  -4.8000958400595845e-01 #xyz tv1
          -1.3489868405361820e+00  -8.8388825417099443e-02  -5.0000000000000000e-01 #xyz tv2
          -1.3609492000000001e+00  -4.9497470000000002e-02  -4.8344610017332218e-01 -1 66 #xyz tv3 fid bid
          -1.3609492000000001e+00  -4.9497470000000002e-02  -4.8344610017332218e-01 #xyz tv0
          -1.3836588299999999e+00   6.4671569999999998e-02  -5.0000000000000000e-01 #xyz tv1
          -1.3836588299999999e+00  -6.4671569999999998e-02  -5.0000000000000000e-01 #xyz tv2
          -1.3609492000000001e+00  -4.9497470000000002e-02  -5.0000000000000000e-01 -1 66 #xyz tv3 fid bid
          -1.3457751000000000e+00  -2.6787840000000000e-02  -5.0000000000000000e-01 #xyz tv0
          -1.3382933360521383e+00  -5.0490301028294673e-02  -4.8000958400595845e-01 #xyz tv1
          -1.3609492000000001e+00  -4.9497470000000002e-02  -5.0000000000000000e-01 #xyz tv2
          -1.3609492000000001e+00  -4.9497470000000002e-02  -4.8344610017332218e-01 -1 66 #xyz tv3 fid bid
          -1.3609492000000001e+00  -4.9497470000000002e-02  -5.0000000000000000e-01 #xyz tv0
          -1.3609492000000001e+00   4.9497470000000002e-02  -5.0000000000000000e-01 #xyz tv1
          -1.3609492000000001e+00  -4.9497470000000002e-02  -4.8344610017332218e-01 #xyz tv2
          -1.3836588299999999e+00   6.4671569999999998e-02  -5.0000000000000000e-01 -1 66 #xyz tv3 fid bid
          -1.3404466700000000e+00   0.0000000000000000e+00  -5.0000000000000000e-01 #xyz tv0
          -1.3609492000000001e+00  -4.9497470000000002e-02  -5.0000000000000000e-01 #xyz tv1
          -1.3609492000000001e+00  -4.9497470000000002e-02  -4.8344610017332218e-01 #xyz tv2
          -1.3457751000000000e+00  -2.6787840000000000e-02  -5.0000000000000000e-01 -1 66 #xyz tv3 fid bid
          -1.3404466700000000e+00   0.0000000000000000e+00  -5.0000000000000000e-01 #xyz tv0
          -1.3609492000000001e+00  -4.9497470000000002e-02  -4.8344610017332218e-01 #xyz tv1
          -1.3609492000000001e+00  -4.9497470000000002e-02  -5.0000000000000000e-01 #xyz tv2
          -1.3609492000000001e+00   4.9497470000000002e-02  -5.0000000000000000e-01 -1 66 #xyz tv3 fid bid
          -1.3609492000000001e+00  -4.9497470000000002e-02  -4.8344610017332218e-01 #xyz tv0
          -1.3457751000000000e+00  -2.6787840000000000e-02  -5.0000000000000000e-01 #xyz tv1
          -1.3609492000000001e+00  -4.9497470000000002e-02  -5.0000000000000000e-01 76 -1 #xyz tv2 fid bid
          -1.3836588299999999e+00  -6.4671569999999998e-02  -5.0000000000000000e-01 #xyz tv0
          -1.3609492000000001e+00  -4.9497470000000002e-02  -4.8344610017332218e-01 #xyz tv1
          -1.3609492000000001e+00  -4.9497470000000002e-02  -5.0000000000000000e-01 76 -1 #xyz tv2 fid bid
          -1.3609492000000001e+00  -4.9497470000000002e-02  -5.0000000000000000e-01 #xyz ev0
          -1.3609492000000001e+00  -4.9497470000000002e-02  -4.8344610017332218e-01 -1 66 #xyz ev1 fid bid
   0   0.000000000000e+00   0.000000000000e+00   0.000000000000e+00 #flag location
END_ERR 
G3dErrFileVersion 2018P3.1
FlagFileMetaData Begin
   Mesh Size - Setup2, Refinement, Pass #5, Freq. 9.150000e+08 :Title    
   Listing of mesh elements with poor quality. :ToolTip  
   hf3d :Author   
   1741569389 :TimeStamp
FlagFileMetaData End
BEGIN_ERR 
26 Small mesh segment detected on body : Coax
 Small mesh segment detected on body : Coax 
 Segment Statistics - Number of Segments : 1 --- Segment length(s) : 0.014720cm. The cutoff frequency for S-Matrix Only Solve is 905.593581155543kHz 
1 -1  # nfids, fids[]
1 66  # nbids, bids[]
      5 0 1 0 #ntets ntri ned npts
          -1.4372345099999997e+00  -6.4671569999999998e-02  -4.5842799988668043e-01 #xyz tv0
          -1.4452650093609152e+00  -7.4685842428805937e-02  -4.6563226669406910e-01 #xyz tv1
          -1.4130383505317043e+00  -8.9301841367821433e-02  -4.6795592066796482e-01 #xyz tv2
          -1.4372345099999997e+00  -6.4671569999999998e-02  -5.0000000000000000e-01 -1 66 #xyz tv3 fid bid
          -1.4491911158176782e+00  -8.3318538651331042e-02  -4.2400191417996919e-01 #xyz tv0
          -1.4130383505317043e+00  -8.9301841367821433e-02  -4.6795592066796482e-01 #xyz tv1
          -1.4372345099999997e+00  -6.4671569999999998e-02  -4.5842799988668043e-01 #xyz tv2
          -1.4452650093609152e+00  -7.4685842428805937e-02  -4.6563226669406910e-01 -1 66 #xyz tv3 fid bid
          -1.4599441500000001e+00  -4.9497470000000002e-02  -5.0000000000000000e-01 #xyz tv0
          -1.4452650093609152e+00  -7.4685842428805937e-02  -4.6563226669406910e-01 #xyz tv1
          -1.4372345099999997e+00  -6.4671569999999998e-02  -4.5842799988668043e-01 #xyz tv2
          -1.4372345099999997e+00  -6.4671569999999998e-02  -5.0000000000000000e-01 -1 66 #xyz tv3 fid bid
          -1.4491911158176782e+00  -8.3318538651331042e-02  -4.2400191417996919e-01 #xyz tv0
          -1.4372345099999997e+00  -6.4671569999999998e-02  -4.5842799988668043e-01 #xyz tv1
          -1.4599441500000001e+00  -4.9497470000000002e-02  -4.2389429766923492e-01 #xyz tv2
          -1.4452650093609152e+00  -7.4685842428805937e-02  -4.6563226669406910e-01 -1 66 #xyz tv3 fid bid
          -1.4599441500000001e+00  -4.9497470000000002e-02  -5.0000000000000000e-01 #xyz tv0
          -1.4372345099999997e+00  -6.4671569999999998e-02  -4.5842799988668043e-01 #xyz tv1
          -1.4452650093609152e+00  -7.4685842428805937e-02  -4.6563226669406910e-01 #xyz tv2
          -1.4599441500000001e+00  -4.9497470000000002e-02  -4.2389429766923492e-01 -1 66 #xyz tv3 fid bid
          -1.4372345099999997e+00  -6.4671569999999998e-02  -4.5842799988668043e-01 #xyz ev0
          -1.4452650093609152e+00  -7.4685842428805937e-02  -4.6563226669406910e-01 -1 66 #xyz ev1 fid bid
   0   0.000000000000e+00   0.000000000000e+00   0.000000000000e+00 #flag location
END_ERR 
G3dErrFileVersion 2018P3.1
FlagFileMetaData Begin
   Mesh Size - Setup2, Refinement, Pass #6, Freq. 9.150000e+08 :Title    
   Listing of mesh elements with poor quality. :ToolTip  
   hf3d :Author   
   1741569400 :TimeStamp
FlagFileMetaData End
BEGIN_ERR 
26 Small mesh segment detected on body : Coax
 Small mesh segment detected on body : Coax 
 Segment Statistics - Number of Segments : 1 --- Segment length(s) : 0.015774cm. The cutoff frequency for S-Matrix Only Solve is 905.593581155543kHz 
1 -1  # nfids, fids[]
1 66  # nbids, bids[]
      7 0 1 0 #ntets ntri ned npts
          -1.4827367662393338e+00  -6.3358228977319853e-02  -4.2329164218562249e-01 #xyz tv0
          -1.4372345099999997e+00  -6.4671569999999998e-02  -4.5842799988668043e-01 #xyz tv1
          -1.4599441500000001e+00  -4.9497470000000002e-02  -4.6194714883461752e-01 #xyz tv2
          -1.4482120677213932e+00  -7.5200528579255882e-02  -4.6260590023662129e-01 -1 66 #xyz tv3 fid bid
          -1.4599441500000001e+00  -4.9497470000000002e-02  -4.6194714883461752e-01 #xyz tv0
          -1.4482120677213932e+00  -7.5200528579255882e-02  -4.6260590023662129e-01 #xyz tv1
          -1.4372345099999997e+00  -6.4671569999999998e-02  -4.5842799988668043e-01 #xyz tv2
          -1.4599441500000001e+00  -4.9497470000000002e-02  -5.0000000000000000e-01 -1 66 #xyz tv3 fid bid
          -1.4527870515778147e+00  -8.8435326414354004e-02  -4.2296646518078029e-01 #xyz tv0
          -1.4372345099999997e+00  -6.4671569999999998e-02  -4.5842799988668043e-01 #xyz tv1
          -1.4827367662393338e+00  -6.3358228977319853e-02  -4.2329164218562249e-01 #xyz tv2
          -1.4482120677213932e+00  -7.5200528579255882e-02  -4.6260590023662129e-01 -1 66 #xyz tv3 fid bid
          -1.4599441500000001e+00  -4.9497470000000002e-02  -5.0000000000000000e-01 #xyz tv0
          -1.4482120677213932e+00  -7.5200528579255882e-02  -4.6260590023662129e-01 #xyz tv1
          -1.4372345099999997e+00  -6.4671569999999998e-02  -4.5842799988668043e-01 #xyz tv2
          -1.4372345099999997e+00  -6.4671569999999998e-02  -5.0000000000000000e-01 -1 66 #xyz tv3 fid bid
          -1.4163876609267962e+00  -1.0659947438007905e-01  -4.4066263865986044e-01 #xyz tv0
          -1.4482120677213932e+00  -7.5200528579255882e-02  -4.6260590023662129e-01 #xyz tv1
          -1.4372345099999997e+00  -6.4671569999999998e-02  -4.5842799988668043e-01 #xyz tv2
          -1.4527870515778147e+00  -8.8435326414354004e-02  -4.2296646518078029e-01 -1 66 #xyz tv3 fid bid
          -1.4372345099999997e+00  -6.4671569999999998e-02  -4.5842799988668043e-01 #xyz tv0
          -1.4482120677213932e+00  -7.5200528579255882e-02  -4.6260590023662129e-01 #xyz tv1
          -1.4130383505317043e+00  -8.9301841367821433e-02  -4.6795592066796482e-01 #xyz tv2
          -1.4372345099999997e+00  -6.4671569999999998e-02  -5.0000000000000000e-01 -1 66 #xyz tv3 fid bid
          -1.4163876609267962e+00  -1.0659947438007905e-01  -4.4066263865986044e-01 #xyz tv0
          -1.4372345099999997e+00  -6.4671569999999998e-02  -4.5842799988668043e-01 #xyz tv1
          -1.4482120677213932e+00  -7.5200528579255882e-02  -4.6260590023662129e-01 #xyz tv2
          -1.4130383505317043e+00  -8.9301841367821433e-02  -4.6795592066796482e-01 -1 66 #xyz tv3 fid bid
          -1.4372345099999997e+00  -6.4671569999999998e-02  -4.5842799988668043e-01 #xyz ev0
          -1.4482120677213932e+00  -7.5200528579255882e-02  -4.6260590023662129e-01 -1 66 #xyz ev1 fid bid
   0   0.000000000000e+00   0.000000000000e+00   0.000000000000e+00 #flag location
END_ERR 
G3dErrFileVersion 2018P3.1
FlagFileMetaData Begin
   Mesh Size - Setup2, Refinement, Pass #7, Freq. 9.150000e+08 :Title    
   Listing of mesh elements with poor quality. :ToolTip  
   hf3d :Author   
   1741569414 :TimeStamp
FlagFileMetaData End
BEGIN_ERR 
26 Small mesh segment detected on body : Coax
 Small mesh segment detected on body : Coax 
 Segment Statistics - Number of Segments : 1 --- Segment length(s) : 0.014616cm. The cutoff frequency for S-Matrix Only Solve is 905.593581155543kHz 
1 -1  # nfids, fids[]
1 66  # nbids, bids[]
      7 0 1 0 #ntets ntri ned npts
          -1.4221735705428595e+00  -8.1496871720025926e-02  -4.7974139334759486e-01 #xyz tv0
          -1.4104466700000000e+00  -7.0000000000000007e-02  -4.4568390836252447e-01 #xyz tv1
          -1.3811782564277979e+00  -8.5718459998620322e-02  -4.7347373278728477e-01 #xyz tv2
          -1.4172406224640937e+00  -9.3566628275838559e-02  -4.7313625994342956e-01 -1 66 #xyz tv3 fid bid
          -1.4022554056635417e+00  -9.4816905785012978e-02  -5.0000000000000000e-01 #xyz tv0
          -1.4221735705428595e+00  -8.1496871720025926e-02  -4.7974139334759486e-01 #xyz tv1
          -1.3811782564277979e+00  -8.5718459998620322e-02  -4.7347373278728477e-01 #xyz tv2
          -1.4172406224640937e+00  -9.3566628275838559e-02  -4.7313625994342956e-01 -1 66 #xyz tv3 fid bid
          -1.4221735705428595e+00  -8.1496871720025926e-02  -4.7974139334759486e-01 #xyz tv0
          -1.4372345099999997e+00  -6.4671569999999998e-02  -4.5842799988668043e-01 #xyz tv1
          -1.4104466700000000e+00  -7.0000000000000007e-02  -4.4568390836252447e-01 #xyz tv2
          -1.4172406224640937e+00  -9.3566628275838559e-02  -4.7313625994342956e-01 -1 66 #xyz tv3 fid bid
          -1.4022554056635417e+00  -9.4816905785012978e-02  -5.0000000000000000e-01 #xyz tv0
          -1.4290804544164786e+00  -1.0769003922405569e-01  -5.0000000000000000e-01 #xyz tv1
          -1.4221735705428595e+00  -8.1496871720025926e-02  -4.7974139334759486e-01 #xyz tv2
          -1.4172406224640937e+00  -9.3566628275838559e-02  -4.7313625994342956e-01 -1 66 #xyz tv3 fid bid
          -1.4221735705428595e+00  -8.1496871720025926e-02  -4.7974139334759486e-01 #xyz tv0
          -1.4475554487875841e+00  -7.5134541052097312e-02  -4.6554565545249987e-01 #xyz tv1
          -1.4372345099999997e+00  -6.4671569999999998e-02  -4.5842799988668043e-01 #xyz tv2
          -1.4172406224640937e+00  -9.3566628275838559e-02  -4.7313625994342956e-01 -1 66 #xyz tv3 fid bid
          -1.4221735705428595e+00  -8.1496871720025926e-02  -4.7974139334759486e-01 #xyz tv0
          -1.4290804544164786e+00  -1.0769003922405569e-01  -5.0000000000000000e-01 #xyz tv1
          -1.4478093748430427e+00  -9.2608028681213400e-02  -4.7933391957171073e-01 #xyz tv2
          -1.4172406224640937e+00  -9.3566628275838559e-02  -4.7313625994342956e-01 -1 66 #xyz tv3 fid bid
          -1.4221735705428595e+00  -8.1496871720025926e-02  -4.7974139334759486e-01 #xyz tv0
          -1.4478093748430427e+00  -9.2608028681213400e-02  -4.7933391957171073e-01 #xyz tv1
          -1.4475554487875841e+00  -7.5134541052097312e-02  -4.6554565545249987e-01 #xyz tv2
          -1.4172406224640937e+00  -9.3566628275838559e-02  -4.7313625994342956e-01 -1 66 #xyz tv3 fid bid
          -1.4172406224640937e+00  -9.3566628275838559e-02  -4.7313625994342956e-01 #xyz ev0
          -1.4221735705428595e+00  -8.1496871720025926e-02  -4.7974139334759486e-01 -1 66 #xyz ev1 fid bid
   0   0.000000000000e+00   0.000000000000e+00   0.000000000000e+00 #flag location
END_ERR 
G3dErrFileVersion 2018P3.1
FlagFileMetaData Begin
   Mesh Size - Setup2, Refinement, Pass #8, Freq. 9.150000e+08 :Title    
   Listing of mesh elements with poor quality. :ToolTip  
   hf3d :Author   
   1741569429 :TimeStamp
FlagFileMetaData End
BEGIN_ERR 
26 Small mesh segment detected on body : Coax
 Small mesh segment detected on body : Coax 
 Segment Statistics - Number of Segments : 1 --- Segment length(s) : 0.012079cm. The cutoff frequency for S-Matrix Only Solve is 905.593581155543kHz 
1 -1  # nfids, fids[]
1 66  # nbids, bids[]
      6 0 1 0 #ntets ntri ned npts
          -1.5304615142890756e+00   3.3452111195013436e-02  -5.0000000000000000e-01 #xyz tv0
          -1.5398178041465416e+00   2.5166005000597409e-02  -4.7228356655320514e-01 #xyz tv1
          -1.5439691093227825e+00   3.8456975306175478e-02  -4.8458905840053723e-01 #xyz tv2
          -1.5310590392217089e+00   3.1591966198921413e-02  -4.6700148872814412e-01 -1 66 #xyz tv3 fid bid
          -1.5439691093227825e+00   3.8456975306175478e-02  -4.8458905840053723e-01 #xyz tv0
          -1.5310590392217089e+00   3.1591966198921413e-02  -4.6700148872814412e-01 #xyz tv1
          -1.5398178041465416e+00   2.5166005000597409e-02  -4.7228356655320514e-01 #xyz tv2
          -1.5613122175000000e+00   4.5922012499999998e-02  -4.6875000000000000e-01 -1 66 #xyz tv3 fid bid
          -1.5304615142890756e+00   3.3452111195013436e-02  -5.0000000000000000e-01 #xyz tv0
          -1.5163154838221082e+00   5.1811494327254921e-03  -4.7150435470007429e-01 #xyz tv1
          -1.5398178041465416e+00   2.5166005000597409e-02  -4.7228356655320514e-01 #xyz tv2
          -1.5310590392217089e+00   3.1591966198921413e-02  -4.6700148872814412e-01 -1 66 #xyz tv3 fid bid
          -1.5398178041465416e+00   2.5166005000597409e-02  -4.7228356655320514e-01 #xyz tv0
          -1.5613122175000000e+00   4.5922012499999998e-02  -4.6875000000000000e-01 #xyz tv1
          -1.5310590392217089e+00   3.1591966198921413e-02  -4.6700148872814412e-01 #xyz tv2
          -1.5345936800621036e+00   3.2208420235440002e-02  -4.3459358921928148e-01 -1 66 #xyz tv3 fid bid
          -1.5163154838221082e+00   5.1811494327254921e-03  -4.7150435470007429e-01 #xyz tv0
          -1.5398178041465416e+00   2.5166005000597409e-02  -4.7228356655320514e-01 #xyz tv1
          -1.5310590392217089e+00   3.1591966198921413e-02  -4.6700148872814412e-01 #xyz tv2
          -1.5224358373587421e+00   2.3452254730057437e-02  -4.4307930050282945e-01 -1 66 #xyz tv3 fid bid
          -1.5398178041465416e+00   2.5166005000597409e-02  -4.7228356655320514e-01 #xyz tv0
          -1.5310590392217089e+00   3.1591966198921413e-02  -4.6700148872814412e-01 #xyz tv1
          -1.5224358373587421e+00   2.3452254730057437e-02  -4.4307930050282945e-01 #xyz tv2
          -1.5345936800621036e+00   3.2208420235440002e-02  -4.3459358921928148e-01 -1 66 #xyz tv3 fid bid
          -1.5310590392217089e+00   3.1591966198921413e-02  -4.6700148872814412e-01 #xyz ev0
          -1.5398178041465416e+00   2.5166005000597409e-02  -4.7228356655320514e-01 -1 66 #xyz ev1 fid bid
   0   0.000000000000e+00   0.000000000000e+00   0.000000000000e+00 #flag location
END_ERR 
G3dErrFileVersion 2018P3.1
FlagFileMetaData Begin
   Mesh Size - Setup2, Refinement, Pass #8, Freq. 9.150000e+08 :Title    
   Listing of mesh elements with poor quality. :ToolTip  
   hf3d :Author   
   1741569766 :TimeStamp
FlagFileMetaData End
BEGIN_ERR 
26 Small mesh segment detected on body : Coax
 Small mesh segment detected on body : Coax 
 Segment Statistics - Number of Segments : 1 --- Segment length(s) : 0.012079cm. The cutoff frequency for S-Matrix Only Solve is 905.593581155543kHz 
1 -1  # nfids, fids[]
1 66  # nbids, bids[]
      6 0 1 0 #ntets ntri ned npts
          -1.5304615142890756e+00   3.3452111195013436e-02  -5.0000000000000000e-01 #xyz tv0
          -1.5398178041465416e+00   2.5166005000597409e-02  -4.7228356655320514e-01 #xyz tv1
          -1.5439691093227825e+00   3.8456975306175478e-02  -4.8458905840053723e-01 #xyz tv2
          -1.5310590392217089e+00   3.1591966198921413e-02  -4.6700148872814412e-01 -1 66 #xyz tv3 fid bid
          -1.5439691093227825e+00   3.8456975306175478e-02  -4.8458905840053723e-01 #xyz tv0
          -1.5310590392217089e+00   3.1591966198921413e-02  -4.6700148872814412e-01 #xyz tv1
          -1.5398178041465416e+00   2.5166005000597409e-02  -4.7228356655320514e-01 #xyz tv2
          -1.5613122175000000e+00   4.5922012499999998e-02  -4.6875000000000000e-01 -1 66 #xyz tv3 fid bid
          -1.5304615142890756e+00   3.3452111195013436e-02  -5.0000000000000000e-01 #xyz tv0
          -1.5163154838221082e+00   5.1811494327254921e-03  -4.7150435470007429e-01 #xyz tv1
          -1.5398178041465416e+00   2.5166005000597409e-02  -4.7228356655320514e-01 #xyz tv2
          -1.5310590392217089e+00   3.1591966198921413e-02  -4.6700148872814412e-01 -1 66 #xyz tv3 fid bid
          -1.5398178041465416e+00   2.5166005000597409e-02  -4.7228356655320514e-01 #xyz tv0
          -1.5613122175000000e+00   4.5922012499999998e-02  -4.6875000000000000e-01 #xyz tv1
          -1.5310590392217089e+00   3.1591966198921413e-02  -4.6700148872814412e-01 #xyz tv2
          -1.5345936800621036e+00   3.2208420235440002e-02  -4.3459358921928148e-01 -1 66 #xyz tv3 fid bid
          -1.5163154838221082e+00   5.1811494327254921e-03  -4.7150435470007429e-01 #xyz tv0
          -1.5398178041465416e+00   2.5166005000597409e-02  -4.7228356655320514e-01 #xyz tv1
          -1.5310590392217089e+00   3.1591966198921413e-02  -4.6700148872814412e-01 #xyz tv2
          -1.5224358373587421e+00   2.3452254730057437e-02  -4.4307930050282945e-01 -1 66 #xyz tv3 fid bid
          -1.5398178041465416e+00   2.5166005000597409e-02  -4.7228356655320514e-01 #xyz tv0
          -1.5310590392217089e+00   3.1591966198921413e-02  -4.6700148872814412e-01 #xyz tv1
          -1.5224358373587421e+00   2.3452254730057437e-02  -4.4307930050282945e-01 #xyz tv2
          -1.5345936800621036e+00   3.2208420235440002e-02  -4.3459358921928148e-01 -1 66 #xyz tv3 fid bid
          -1.5310590392217089e+00   3.1591966198921413e-02  -4.6700148872814412e-01 #xyz ev0
          -1.5398178041465416e+00   2.5166005000597409e-02  -4.7228356655320514e-01 -1 66 #xyz ev1 fid bid
   0   0.000000000000e+00   0.000000000000e+00   0.000000000000e+00 #flag location
END_ERR 
G3dErrFileVersion 2018P3.1
FlagFileMetaData Begin
   Mesh Size - Setup2, Refinement, Pass #9, Freq. 9.150000e+08 :Title    
   Listing of mesh elements with poor quality. :ToolTip  
   hf3d :Author   
   1741569791 :TimeStamp
FlagFileMetaData End
BEGIN_ERR 
26 Small mesh segment detected on body : Coax
 Small mesh segment detected on body : Coax 
 Segment Statistics - Number of Segments : 1 --- Segment length(s) : 0.007908cm. The cutoff frequency for S-Matrix Only Solve is 905.593581155543kHz 
1 -1  # nfids, fids[]
1 66  # nbids, bids[]
      6 0 1 0 #ntets ntri ned npts
          -1.4104466700000000e+00   1.6000000000000000e-01  -4.8437500000000000e-01 #xyz tv0
          -1.3977323512420221e+00   1.5002693571315145e-01  -4.8574934808190784e-01 #xyz tv1
          -1.3989661668750002e+00   1.5771638687500000e-01  -4.8437500000000000e-01 #xyz tv2
          -1.4104466700000000e+00   1.6000000000000000e-01  -5.0000000000000000e-01 -1 66 #xyz tv3 fid bid
          -1.4104466700000000e+00   1.6000000000000000e-01  -4.8437500000000000e-01 #xyz tv0
          -1.3989661668750002e+00   1.5771638687500000e-01  -4.8437500000000000e-01 #xyz tv1
          -1.3977323512420221e+00   1.5002693571315145e-01  -4.8574934808190784e-01 #xyz tv2
          -1.4104466700000000e+00   1.6000000000000000e-01  -4.6875000000000000e-01 -1 66 #xyz tv3 fid bid
          -1.3989661668750002e+00   1.5771638687500000e-01  -4.8437500000000000e-01 #xyz tv0
          -1.3977323512420221e+00   1.5002693571315145e-01  -4.8574934808190784e-01 #xyz tv1
          -1.3798319950000000e+00   1.5391036499999999e-01  -5.0000000000000000e-01 #xyz tv2
          -1.4104466700000000e+00   1.6000000000000000e-01  -5.0000000000000000e-01 -1 66 #xyz tv3 fid bid
          -1.3989661668750002e+00   1.5771638687500000e-01  -4.8437500000000000e-01 #xyz tv0
          -1.3977323512420221e+00   1.5002693571315145e-01  -4.8574934808190784e-01 #xyz tv1
          -1.4104466700000000e+00   1.6000000000000000e-01  -4.6875000000000000e-01 #xyz tv2
          -1.3874856637500002e+00   1.5543277375000000e-01  -4.6875000000000000e-01 -1 66 #xyz tv3 fid bid
          -1.3721783262500000e+00   1.5238795625000001e-01  -4.8437500000000000e-01 #xyz tv0
          -1.3989661668750002e+00   1.5771638687500000e-01  -4.8437500000000000e-01 #xyz tv1
          -1.3977323512420221e+00   1.5002693571315145e-01  -4.8574934808190784e-01 #xyz tv2
          -1.3798319950000000e+00   1.5391036499999999e-01  -5.0000000000000000e-01 -1 66 #xyz tv3 fid bid
          -1.3721783262500000e+00   1.5238795625000001e-01  -4.8437500000000000e-01 #xyz tv0
          -1.3977323512420221e+00   1.5002693571315145e-01  -4.8574934808190784e-01 #xyz tv1
          -1.3989661668750002e+00   1.5771638687500000e-01  -4.8437500000000000e-01 #xyz tv2
          -1.3874856637500002e+00   1.5543277375000000e-01  -4.6875000000000000e-01 -1 66 #xyz tv3 fid bid
          -1.3989661668750002e+00   1.5771638687500000e-01  -4.8437500000000000e-01 #xyz ev0
          -1.3977323512420221e+00   1.5002693571315145e-01  -4.8574934808190784e-01 -1 66 #xyz ev1 fid bid
   0   0.000000000000e+00   0.000000000000e+00   0.000000000000e+00 #flag location
END_ERR 
G3dErrFileVersion 2018P3.1
FlagFileMetaData Begin
   Mesh Size - Setup2, Refinement, Pass #1, Freq. 9.150000e+08 :Title    
   Listing of mesh elements with poor quality. :ToolTip  
   hf3d :Author   
   1741570269 :TimeStamp
FlagFileMetaData End
BEGIN_ERR 
26 Small mesh segment detected on body : Coax
 Small mesh segment detected on body : Coax 
 Segment Statistics - Number of Segments : 1 --- Segment length(s) : 0.006090cm. The cutoff frequency for S-Matrix Only Solve is 905.593581155543kHz 
3 -1  68  306  # nfids, fids[]
2 66  -1  # nbids, bids[]
      4 4 1 0 #ntets ntri ned npts
          -1.5582673999999999e+00   0.0000000000000000e+00  -5.0000000000000000e-01 #xyz tv0
          -1.5374801100000000e+00   2.2004297499999999e-02  -5.0000000000000000e-01 #xyz tv1
          -1.5582674000000001e+00   6.1229350000000002e-02  -4.4532839401250884e-01 #xyz tv2
          -1.5435697450000001e+00   2.2004297499999999e-02  -5.0000000000000000e-01 -1 66 #xyz tv3 fid bid
          -1.5582674000000001e+00   6.1229350000000002e-02  -4.4532839401250884e-01 #xyz tv0
          -1.5435697450000001e+00   2.2004297499999999e-02  -5.0000000000000000e-01 #xyz tv1
          -1.5374801100000000e+00   2.2004297499999999e-02  -5.0000000000000000e-01 #xyz tv2
          -1.5582674000000001e+00   6.1229350000000002e-02  -5.0000000000000000e-01 -1 66 #xyz tv3 fid bid
          -1.5374801100000000e+00   2.2004297499999999e-02  -5.0000000000000000e-01 #xyz tv0
          -1.5582673999999999e+00   0.0000000000000000e+00  -5.0000000000000000e-01 #xyz tv1
          -1.8298247598772699e+00   4.1244399897365097e-01  -1.1139177722016651e+00 #xyz tv2
          -1.5435697450000001e+00   2.2004297499999999e-02  -5.0000000000000000e-01 -1 66 #xyz tv3 fid bid
          -1.5582674000000001e+00   6.1229350000000002e-02  -5.0000000000000000e-01 #xyz tv0
          -1.5374801100000000e+00   2.2004297499999999e-02  -5.0000000000000000e-01 #xyz tv1
          -1.8298247598772699e+00   4.1244399897365097e-01  -1.1139177722016651e+00 #xyz tv2
          -1.5435697450000001e+00   2.2004297499999999e-02  -5.0000000000000000e-01 -1 66 #xyz tv3 fid bid
          -1.5374801100000000e+00   2.2004297499999999e-02  -5.0000000000000000e-01 #xyz tv0
          -1.5582674000000001e+00   6.1229350000000002e-02  -5.0000000000000000e-01 #xyz tv1
          -1.5435697450000001e+00   2.2004297499999999e-02  -5.0000000000000000e-01 68 -1 #xyz tv2 fid bid
          -1.5374801100000000e+00   2.2004297499999999e-02  -5.0000000000000000e-01 #xyz tv0
          -1.5582674000000001e+00   6.1229350000000002e-02  -5.0000000000000000e-01 #xyz tv1
          -1.5435697450000001e+00   2.2004297499999999e-02  -5.0000000000000000e-01 306 -1 #xyz tv2 fid bid
          -1.5582673999999999e+00   0.0000000000000000e+00  -5.0000000000000000e-01 #xyz tv0
          -1.5374801100000000e+00   2.2004297499999999e-02  -5.0000000000000000e-01 #xyz tv1
          -1.5435697450000001e+00   2.2004297499999999e-02  -5.0000000000000000e-01 68 -1 #xyz tv2 fid bid
          -1.5582673999999999e+00   0.0000000000000000e+00  -5.0000000000000000e-01 #xyz tv0
          -1.5374801100000000e+00   2.2004297499999999e-02  -5.0000000000000000e-01 #xyz tv1
