G3dErrFileVersion 2018P3.1
FlagFileMetaData Begin
   Mesh Size - Setup1, Refinement, Pass #1, Freq. 9.150000e+08 :Title    
   Listing of mesh elements with poor quality. :ToolTip  
   hf3d :Author   
   1737324159 :TimeStamp
FlagFileMetaData End
BEGIN_ERR 
26 Small mesh segment detected on body : Proble
 Small mesh segment detected on body : Proble 
 Segment Statistics - Number of Segments : 1 --- Segment length(s) : 0.011211cm. The cutoff frequency for S-Matrix Only Solve is 1.92359613731152MHz 
2 -1  85  # nfids, fids[]
2 84  -1  # nbids, bids[]
      3 2 1 0 #ntets ntri ned npts
          -1.0395025300000000e+00  -4.9497469999999995e-02   9.4999999999999984e-01 #xyz tv0
          -1.0622121600000001e+00  -6.4671569999999998e-02   9.3878906276331309e-01 #xyz tv1
          -1.0889999999999997e+00  -6.9999999999999993e-02   9.4999999999999984e-01 #xyz tv2
          -1.0622121600000001e+00  -6.4671569999999998e-02   9.4999999999999984e-01 -1 84 #xyz tv3 fid bid
          -9.7749999999999992e-01  -2.4437499999999979e-01   7.2187500000000060e-01 #xyz tv0
          -1.0622121600000001e+00  -6.4671569999999998e-02   9.4999999999999984e-01 #xyz tv1
          -1.0889999999999997e+00  -6.9999999999999993e-02   9.4999999999999984e-01 #xyz tv2
          -1.0622121600000001e+00  -6.4671569999999998e-02   9.3878906276331309e-01 -1 84 #xyz tv3 fid bid
          -9.7749999999999992e-01  -2.4437499999999979e-01   7.2187500000000060e-01 #xyz tv0
          -1.0395025300000000e+00  -4.9497469999999995e-02   9.4999999999999984e-01 #xyz tv1
          -1.0622121600000001e+00  -6.4671569999999998e-02   9.4999999999999984e-01 #xyz tv2
          -1.0622121600000001e+00  -6.4671569999999998e-02   9.3878906276331309e-01 -1 84 #xyz tv3 fid bid
          -1.0622121600000001e+00  -6.4671569999999998e-02   9.3878906276331309e-01 #xyz tv0
          -1.0622121600000001e+00  -6.4671569999999998e-02   9.4999999999999984e-01 #xyz tv1
          -1.0395025300000000e+00  -4.9497469999999995e-02   9.4999999999999984e-01 85 -1 #xyz tv2 fid bid
          -1.0889999999999997e+00  -6.9999999999999993e-02   9.4999999999999984e-01 #xyz tv0
          -1.0622121600000001e+00  -6.4671569999999998e-02   9.4999999999999984e-01 #xyz tv1
          -1.0622121600000001e+00  -6.4671569999999998e-02   9.3878906276331309e-01 85 -1 #xyz tv2 fid bid
          -1.0622121600000001e+00  -6.4671569999999998e-02   9.3878906276331309e-01 #xyz ev0
          -1.0622121600000001e+00  -6.4671569999999998e-02   9.4999999999999984e-01 -1 84 #xyz ev1 fid bid
   0   0.000000000000e+00   0.000000000000e+00   0.000000000000e+00 #flag location
END_ERR 
G3dErrFileVersion 2018P3.1
FlagFileMetaData Begin
   Mesh Size - Setup1, Refinement, Pass #2, Freq. 9.150000e+08 :Title    
   Listing of mesh elements with poor quality. :ToolTip  
   hf3d :Author   
   1737324162 :TimeStamp
FlagFileMetaData End
BEGIN_ERR 
26 Small mesh segment detected on body : Proble
 Small mesh segment detected on body : Proble 
 Segment Statistics - Number of Segments : 1 --- Segment length(s) : 0.011211cm. The cutoff frequency for S-Matrix Only Solve is 1.92359613731152MHz 
2 -1  85  # nfids, fids[]
2 84  -1  # nbids, bids[]
      3 2 1 0 #ntets ntri ned npts
          -1.0395025300000000e+00  -4.9497469999999995e-02   9.4999999999999984e-01 #xyz tv0
          -1.0622121600000001e+00  -6.4671569999999998e-02   9.3878906276331309e-01 #xyz tv1
          -1.0889999999999997e+00  -6.9999999999999993e-02   9.4999999999999984e-01 #xyz tv2
          -1.0622121600000001e+00  -6.4671569999999998e-02   9.4999999999999984e-01 -1 84 #xyz tv3 fid bid
          -9.7749999999999992e-01  -2.4437499999999979e-01   7.2187500000000060e-01 #xyz tv0
          -1.0622121600000001e+00  -6.4671569999999998e-02   9.4999999999999984e-01 #xyz tv1
          -1.0889999999999997e+00  -6.9999999999999993e-02   9.4999999999999984e-01 #xyz tv2
          -1.0622121600000001e+00  -6.4671569999999998e-02   9.3878906276331309e-01 -1 84 #xyz tv3 fid bid
          -9.7749999999999992e-01  -2.4437499999999979e-01   7.2187500000000060e-01 #xyz tv0
          -1.0395025300000000e+00  -4.9497469999999995e-02   9.4999999999999984e-01 #xyz tv1
          -1.0622121600000001e+00  -6.4671569999999998e-02   9.4999999999999984e-01 #xyz tv2
          -1.0622121600000001e+00  -6.4671569999999998e-02   9.3878906276331309e-01 -1 84 #xyz tv3 fid bid
          -1.0622121600000001e+00  -6.4671569999999998e-02   9.3878906276331309e-01 #xyz tv0
          -1.0622121600000001e+00  -6.4671569999999998e-02   9.4999999999999984e-01 #xyz tv1
          -1.0395025300000000e+00  -4.9497469999999995e-02   9.4999999999999984e-01 85 -1 #xyz tv2 fid bid
          -1.0889999999999997e+00  -6.9999999999999993e-02   9.4999999999999984e-01 #xyz tv0
          -1.0622121600000001e+00  -6.4671569999999998e-02   9.4999999999999984e-01 #xyz tv1
          -1.0622121600000001e+00  -6.4671569999999998e-02   9.3878906276331309e-01 85 -1 #xyz tv2 fid bid
          -1.0622121600000001e+00  -6.4671569999999998e-02   9.3878906276331309e-01 #xyz ev0
          -1.0622121600000001e+00  -6.4671569999999998e-02   9.4999999999999984e-01 -1 84 #xyz ev1 fid bid
   0   0.000000000000e+00   0.000000000000e+00   0.000000000000e+00 #flag location
END_ERR 
G3dErrFileVersion 2018P3.1
FlagFileMetaData Begin
   Mesh Size - Setup1, Refinement, Pass #1, Freq. 9.150000e+08 :Title    
   Listing of mesh elements with poor quality. :ToolTip  
   hf3d :Author   
   1737324602 :TimeStamp
FlagFileMetaData End
BEGIN_ERR 
26 Small mesh segment detected on body : Coax
 Small mesh segment detected on body : Coax 
 Segment Statistics - Number of Segments : 1 --- Segment length(s) : 0.013656cm. The cutoff frequency for S-Matrix Only Solve is 1.92359613731152MHz 
2 -1  68  # nfids, fids[]
2 66  -1  # nbids, bids[]
      6 2 1 0 #ntets ntri ned npts
          -5.8170840000000001e-01  -8.7304285000000009e-02  -5.0000000000000000e-01 #xyz tv0
          -6.0594116000000009e-01  -1.3047890500000001e-01  -4.9999999999999994e-01 #xyz tv1
          -6.1390658026460487e-01  -1.2515658026460480e-01  -3.7484341973539453e-01 #xyz tv2
          -5.7412135499999994e-01  -9.8659100000000000e-02  -4.9999999999999994e-01 -1 66 #xyz tv3 fid bid
          -6.1390658026460487e-01  -1.2515658026460480e-01  -3.7484341973539453e-01 #xyz tv0
          -5.4554577999999998e-01  -6.4671569999999998e-02  -4.2359434416446523e-01 #xyz tv1
          -5.8170840000000001e-01  -8.7304285000000009e-02  -5.0000000000000000e-01 #xyz tv2
          -5.7412135499999994e-01  -9.8659100000000000e-02  -4.9999999999999994e-01 -1 66 #xyz tv3 fid bid
          -4.8874999999999996e-01   1.0814266149239416e-16  -9.8874999999999957e-01 #xyz tv0
          -6.0594116000000009e-01  -1.3047890500000001e-01  -4.9999999999999994e-01 #xyz tv1
          -5.8170840000000001e-01  -8.7304285000000009e-02  -5.0000000000000000e-01 #xyz tv2
          -5.7412135499999994e-01  -9.8659100000000000e-02  -4.9999999999999994e-01 -1 66 #xyz tv3 fid bid
          -5.4554577999999998e-01  -6.4671569999999998e-02  -4.2359434416446523e-01 #xyz tv0
          -5.4554577999999998e-01  -6.4671569999999998e-02  -4.7116056463708905e-01 #xyz tv1
          -5.8170840000000001e-01  -8.7304285000000009e-02  -5.0000000000000000e-01 #xyz tv2
          -5.7412135499999994e-01  -9.8659100000000000e-02  -4.9999999999999994e-01 -1 66 #xyz tv3 fid bid
          -4.8874999999999996e-01   1.0814266149239416e-16  -9.8874999999999957e-01 #xyz tv0
          -5.8170840000000001e-01  -8.7304285000000009e-02  -5.0000000000000000e-01 #xyz tv1
          -5.4554577999999998e-01  -6.4671569999999998e-02  -4.9999999999999994e-01 #xyz tv2
          -5.7412135499999994e-01  -9.8659100000000000e-02  -4.9999999999999994e-01 -1 66 #xyz tv3 fid bid
          -5.4554577999999998e-01  -6.4671569999999998e-02  -4.9999999999999994e-01 #xyz tv0
          -5.8170840000000001e-01  -8.7304285000000009e-02  -5.0000000000000000e-01 #xyz tv1
          -5.4554577999999998e-01  -6.4671569999999998e-02  -4.7116056463708905e-01 #xyz tv2
          -5.7412135499999994e-01  -9.8659100000000000e-02  -4.9999999999999994e-01 -1 66 #xyz tv3 fid bid
          -5.4554577999999998e-01  -6.4671569999999998e-02  -4.9999999999999994e-01 #xyz tv0
          -5.8170840000000001e-01  -8.7304285000000009e-02  -5.0000000000000000e-01 #xyz tv1
          -5.7412135499999994e-01  -9.8659100000000000e-02  -4.9999999999999994e-01 68 -1 #xyz tv2 fid bid
          -5.8170840000000001e-01  -8.7304285000000009e-02  -5.0000000000000000e-01 #xyz tv0
          -6.0594116000000009e-01  -1.3047890500000001e-01  -4.9999999999999994e-01 #xyz tv1
          -5.7412135499999994e-01  -9.8659100000000000e-02  -4.9999999999999994e-01 68 -1 #xyz tv2 fid bid
          -5.8170840000000001e-01  -8.7304285000000009e-02  -5.0000000000000000e-01 #xyz ev0
          -5.7412135499999994e-01  -9.8659100000000000e-02  -4.9999999999999994e-01 -1 66 #xyz ev1 fid bid
   0   0.000000000000e+00   0.000000000000e+00   0.000000000000e+00 #flag location
END_ERR 
G3dErrFileVersion 2018P3.1
FlagFileMetaData Begin
   Mesh Size - Setup1, Refinement, Pass #2, Freq. 9.150000e+08 :Title    
   Listing of mesh elements with poor quality. :ToolTip  
   hf3d :Author   
   1737324605 :TimeStamp
FlagFileMetaData End
BEGIN_ERR 
26 Small mesh segment detected on body : Coax
 Small mesh segment detected on body : Coax 
 Segment Statistics - Number of Segments : 1 --- Segment length(s) : 0.021866cm. The cutoff frequency for S-Matrix Only Solve is 1.92359613731152MHz 
2 -1  68  # nfids, fids[]
2 66  -1  # nbids, bids[]
      6 2 1 0 #ntets ntri ned npts
          -4.5408637000000007e-01   2.6787840000000000e-02  -4.9999999999999994e-01 #xyz tv0
          -3.7093722000000001e-01   6.1229350000000002e-02  -4.3890624999999972e-01 #xyz tv1
          -4.2861085491676665e-01   5.2765406530793667e-02  -5.0000000000000000e-01 #xyz tv2
          -4.3284928995453043e-01   2.1581758466435189e-02  -5.0000000000000000e-01 -1 66 #xyz tv3 fid bid
          -4.8874999999999996e-01   1.0814266149239416e-16  -9.8874999999999957e-01 #xyz tv0
          -4.5408637000000007e-01   2.6787840000000000e-02  -4.9999999999999994e-01 #xyz tv1
          -4.2861085491676665e-01   5.2765406530793667e-02  -5.0000000000000000e-01 #xyz tv2
          -4.3284928995453043e-01   2.1581758466435189e-02  -5.0000000000000000e-01 -1 66 #xyz tv3 fid bid
          -4.5408637000000007e-01   2.6787840000000000e-02  -4.9999999999999994e-01 #xyz tv0
          -3.7093722000000001e-01   6.1229350000000002e-02  -3.7781249999999955e-01 #xyz tv1
          -3.7093722000000001e-01   6.1229350000000002e-02  -4.3890624999999972e-01 #xyz tv2
          -4.3284928995453043e-01   2.1581758466435189e-02  -5.0000000000000000e-01 -1 66 #xyz tv3 fid bid
          -4.3284928995453043e-01   2.1581758466435189e-02  -5.0000000000000000e-01 #xyz tv0
          -4.4875793999999997e-01   0.0000000000000000e+00  -4.9999999999999994e-01 #xyz tv1
          -4.8874999999999996e-01   1.0814266149239416e-16  -9.8874999999999957e-01 #xyz tv2
          -4.5408637000000007e-01   2.6787840000000000e-02  -4.9999999999999994e-01 -1 66 #xyz tv3 fid bid
          -4.3284928995453043e-01   2.1581758466435189e-02  -5.0000000000000000e-01 #xyz tv0
          -3.7093722000000001e-01   6.1229350000000002e-02  -3.7781249999999955e-01 #xyz tv1
          -4.5408637000000007e-01   2.6787840000000000e-02  -3.1671874999999949e-01 #xyz tv2
          -4.5408637000000007e-01   2.6787840000000000e-02  -4.9999999999999994e-01 -1 66 #xyz tv3 fid bid
          -4.3284928995453043e-01   2.1581758466435189e-02  -5.0000000000000000e-01 #xyz tv0
          -4.5408637000000007e-01   2.6787840000000000e-02  -3.1671874999999949e-01 #xyz tv1
          -4.4875793999999997e-01   0.0000000000000000e+00  -4.9999999999999994e-01 #xyz tv2
          -4.5408637000000007e-01   2.6787840000000000e-02  -4.9999999999999994e-01 -1 66 #xyz tv3 fid bid
          -4.3284928995453043e-01   2.1581758466435189e-02  -5.0000000000000000e-01 #xyz tv0
          -4.5408637000000007e-01   2.6787840000000000e-02  -4.9999999999999994e-01 #xyz tv1
          -4.4875793999999997e-01   0.0000000000000000e+00  -4.9999999999999994e-01 68 -1 #xyz tv2 fid bid
          -4.2861085491676665e-01   5.2765406530793667e-02  -5.0000000000000000e-01 #xyz tv0
          -4.5408637000000007e-01   2.6787840000000000e-02  -4.9999999999999994e-01 #xyz tv1
          -4.3284928995453043e-01   2.1581758466435189e-02  -5.0000000000000000e-01 68 -1 #xyz tv2 fid bid
          -4.3284928995453043e-01   2.1581758466435189e-02  -5.0000000000000000e-01 #xyz ev0
          -4.5408637000000007e-01   2.6787840000000000e-02  -4.9999999999999994e-01 -1 66 #xyz ev1 fid bid
   0   0.000000000000e+00   0.000000000000e+00   0.000000000000e+00 #flag location
END_ERR 
G3dErrFileVersion 2018P3.1
FlagFileMetaData Begin
   Mesh Size - Setup1, Refinement, Pass #3, Freq. 9.150000e+08 :Title    
   Listing of mesh elements with poor quality. :ToolTip  
   hf3d :Author   
   1737324608 :TimeStamp
FlagFileMetaData End
BEGIN_ERR 
26 Small mesh segment detected on body : Coax
 Small mesh segment detected on body : Coax 
 Segment Statistics - Number of Segments : 1 --- Segment length(s) : 0.021866cm. The cutoff frequency for S-Matrix Only Solve is 1.92359613731152MHz 
2 -1  68  # nfids, fids[]
2 66  -1  # nbids, bids[]
      6 2 1 0 #ntets ntri ned npts
          -4.5408637000000007e-01   2.6787840000000000e-02  -4.9999999999999994e-01 #xyz tv0
          -3.7093722000000001e-01   6.1229350000000002e-02  -4.3890624999999972e-01 #xyz tv1
          -4.2821410819818273e-01   5.3327425613477718e-02  -5.0000000000000000e-01 #xyz tv2
          -4.3284928995453043e-01   2.1581758466435189e-02  -5.0000000000000000e-01 -1 66 #xyz tv3 fid bid
          -4.8874999999999996e-01   1.0814266149239416e-16  -9.8874999999999957e-01 #xyz tv0
          -4.5408637000000007e-01   2.6787840000000000e-02  -4.9999999999999994e-01 #xyz tv1
          -4.2821410819818273e-01   5.3327425613477718e-02  -5.0000000000000000e-01 #xyz tv2
          -4.3284928995453043e-01   2.1581758466435189e-02  -5.0000000000000000e-01 -1 66 #xyz tv3 fid bid
          -4.5408637000000007e-01   2.6787840000000000e-02  -4.9999999999999994e-01 #xyz tv0
          -3.7093722000000001e-01   6.1229350000000002e-02  -3.7781249999999955e-01 #xyz tv1
          -3.7093722000000001e-01   6.1229350000000002e-02  -4.3890624999999972e-01 #xyz tv2
          -4.3284928995453043e-01   2.1581758466435189e-02  -5.0000000000000000e-01 -1 66 #xyz tv3 fid bid
          -4.3284928995453043e-01   2.1581758466435189e-02  -5.0000000000000000e-01 #xyz tv0
          -4.4875793999999997e-01   0.0000000000000000e+00  -4.9999999999999994e-01 #xyz tv1
          -4.8874999999999996e-01   1.0814266149239416e-16  -9.8874999999999957e-01 #xyz tv2
          -4.5408637000000007e-01   2.6787840000000000e-02  -4.9999999999999994e-01 -1 66 #xyz tv3 fid bid
          -4.3284928995453043e-01   2.1581758466435189e-02  -5.0000000000000000e-01 #xyz tv0
          -3.7093722000000001e-01   6.1229350000000002e-02  -3.7781249999999955e-01 #xyz tv1
          -4.5408637000000007e-01   2.6787840000000000e-02  -3.1671874999999949e-01 #xyz tv2
          -4.5408637000000007e-01   2.6787840000000000e-02  -4.9999999999999994e-01 -1 66 #xyz tv3 fid bid
          -4.3284928995453043e-01   2.1581758466435189e-02  -5.0000000000000000e-01 #xyz tv0
          -4.5408637000000007e-01   2.6787840000000000e-02  -3.1671874999999949e-01 #xyz tv1
          -4.4875793999999997e-01   0.0000000000000000e+00  -4.9999999999999994e-01 #xyz tv2
          -4.5408637000000007e-01   2.6787840000000000e-02  -4.9999999999999994e-01 -1 66 #xyz tv3 fid bid
          -4.3284928995453043e-01   2.1581758466435189e-02  -5.0000000000000000e-01 #xyz tv0
          -4.5408637000000007e-01   2.6787840000000000e-02  -4.9999999999999994e-01 #xyz tv1
          -4.4875793999999997e-01   0.0000000000000000e+00  -4.9999999999999994e-01 68 -1 #xyz tv2 fid bid
          -4.2821410819818273e-01   5.3327425613477718e-02  -5.0000000000000000e-01 #xyz tv0
          -4.5408637000000007e-01   2.6787840000000000e-02  -4.9999999999999994e-01 #xyz tv1
          -4.3284928995453043e-01   2.1581758466435189e-02  -5.0000000000000000e-01 68 -1 #xyz tv2 fid bid
          -4.3284928995453043e-01   2.1581758466435189e-02  -5.0000000000000000e-01 #xyz ev0
          -4.5408637000000007e-01   2.6787840000000000e-02  -4.9999999999999994e-01 -1 66 #xyz ev1 fid bid
   0   0.000000000000e+00   0.000000000000e+00   0.000000000000e+00 #flag location
END_ERR 
G3dErrFileVersion 2018P3.1
FlagFileMetaData Begin
   Mesh Size - Setup1, Refinement, Pass #4, Freq. 9.150000e+08 :Title    
   Listing of mesh elements with poor quality. :ToolTip  
   hf3d :Author   
   1737324611 :TimeStamp
FlagFileMetaData End
BEGIN_ERR 
26 Small mesh segment detected on body : Coax
 Small mesh segment detected on body : Coax 
 Segment Statistics - Number of Segments : 1 --- Segment length(s) : 0.021236cm. The cutoff frequency for S-Matrix Only Solve is 1.92359613731152MHz 
2 -1  68  # nfids, fids[]
2 66  -1  # nbids, bids[]
      6 2 1 0 #ntets ntri ned npts
          -4.5408637000000007e-01   2.6787840000000000e-02  -4.9999999999999994e-01 #xyz tv0
          -3.7093722000000001e-01   6.1229350000000002e-02  -4.3890624999999972e-01 #xyz tv1
          -4.2820722441901043e-01   5.3464254944568954e-02  -5.0000000000000000e-01 #xyz tv2
          -4.3335624106953552e-01   2.2180271112079937e-02  -5.0000000000000000e-01 -1 66 #xyz tv3 fid bid
          -4.8044789171893765e-01   2.4785870865533844e-02  -8.8771222123000326e-01 #xyz tv0
          -4.5408637000000007e-01   2.6787840000000000e-02  -4.9999999999999994e-01 #xyz tv1
          -4.2820722441901043e-01   5.3464254944568954e-02  -5.0000000000000000e-01 #xyz tv2
          -4.3335624106953552e-01   2.2180271112079937e-02  -5.0000000000000000e-01 -1 66 #xyz tv3 fid bid
          -4.5408637000000007e-01   2.6787840000000000e-02  -4.9999999999999994e-01 #xyz tv0
          -3.7093722000000001e-01   6.1229350000000002e-02  -3.7781249999999955e-01 #xyz tv1
          -3.7093722000000001e-01   6.1229350000000002e-02  -4.3890624999999972e-01 #xyz tv2
          -4.3335624106953552e-01   2.2180271112079937e-02  -5.0000000000000000e-01 -1 66 #xyz tv3 fid bid
          -4.3335624106953552e-01   2.2180271112079937e-02  -5.0000000000000000e-01 #xyz tv0
          -4.4875793999999997e-01   0.0000000000000000e+00  -4.9999999999999994e-01 #xyz tv1
          -4.8044789171893765e-01   2.4785870865533844e-02  -8.8771222123000326e-01 #xyz tv2
          -4.5408637000000007e-01   2.6787840000000000e-02  -4.9999999999999994e-01 -1 66 #xyz tv3 fid bid
          -4.3335624106953552e-01   2.2180271112079937e-02  -5.0000000000000000e-01 #xyz tv0
          -3.7093722000000001e-01   6.1229350000000002e-02  -3.7781249999999955e-01 #xyz tv1
          -4.5408637000000007e-01   2.6787840000000000e-02  -3.1671874999999949e-01 #xyz tv2
          -4.5408637000000007e-01   2.6787840000000000e-02  -4.9999999999999994e-01 -1 66 #xyz tv3 fid bid
          -4.3335624106953552e-01   2.2180271112079937e-02  -5.0000000000000000e-01 #xyz tv0
          -4.5408637000000007e-01   2.6787840000000000e-02  -3.1671874999999949e-01 #xyz tv1
          -4.4875793999999997e-01   0.0000000000000000e+00  -4.9999999999999994e-01 #xyz tv2
          -4.5408637000000007e-01   2.6787840000000000e-02  -4.9999999999999994e-01 -1 66 #xyz tv3 fid bid
          -4.3335624106953552e-01   2.2180271112079937e-02  -5.0000000000000000e-01 #xyz tv0
          -4.5408637000000007e-01   2.6787840000000000e-02  -4.9999999999999994e-01 #xyz tv1
          -4.4875793999999997e-01   0.0000000000000000e+00  -4.9999999999999994e-01 68 -1 #xyz tv2 fid bid
          -4.2820722441901043e-01   5.3464254944568954e-02  -5.0000000000000000e-01 #xyz tv0
          -4.5408637000000007e-01   2.6787840000000000e-02  -4.9999999999999994e-01 #xyz tv1
          -4.3335624106953552e-01   2.2180271112079937e-02  -5.0000000000000000e-01 68 -1 #xyz tv2 fid bid
          -4.3335624106953552e-01   2.2180271112079937e-02  -5.0000000000000000e-01 #xyz ev0
          -4.5408637000000007e-01   2.6787840000000000e-02  -4.9999999999999994e-01 -1 66 #xyz ev1 fid bid
   0   0.000000000000e+00   0.000000000000e+00   0.000000000000e+00 #flag location
END_ERR 
G3dErrFileVersion 2018P3.1
FlagFileMetaData Begin
   Mesh Size - Setup1, Refinement, Pass #1, Freq. 9.150000e+08 :Title    
   Listing of mesh elements with poor quality. :ToolTip  
   hf3d :Author   
   1737325580 :TimeStamp
FlagFileMetaData End
BEGIN_ERR 
26 Small mesh segment detected on body : Coax
 Small mesh segment detected on body : Coax 
 Segment Statistics - Number of Segments : 1 --- Segment length(s) : 0.012179cm. The cutoff frequency for S-Matrix Only Solve is 1.92359613731152MHz 
2 -1  68  # nfids, fids[]
2 66  -1  # nbids, bids[]
      5 2 1 0 #ntets ntri ned npts
          -1.1427887199999998e+00   6.1229350000000002e-02  -4.9999999999999994e-01 #xyz tv0
          -1.1315365399999999e+00   5.6568540000000007e-02  -4.9999999999999994e-01 #xyz tv1
          -1.1549680000000000e+00   0.0000000000000000e+00  -4.4179392105952636e-01 #xyz tv2
          -1.1427887199999998e+00   6.1229350000000002e-02  -4.3890624999999939e-01 -1 66 #xyz tv3 fid bid
          -1.1427887199999998e+00   6.1229350000000002e-02  -4.9999999999999994e-01 #xyz tv0
          -1.1549680000000000e+00   0.0000000000000000e+00  -4.4179392105952636e-01 #xyz tv1
          -1.1315365399999999e+00   5.6568540000000007e-02  -4.9999999999999994e-01 #xyz tv2
          -1.1549680000000000e+00   0.0000000000000000e+00  -4.9999999999999994e-01 -1 66 #xyz tv3 fid bid
          -1.1315365399999999e+00   5.6568540000000007e-02  -4.9999999999999994e-01 #xyz tv0
          -1.1427887199999998e+00   6.1229350000000002e-02  -4.3890624999999939e-01 #xyz tv1
          -1.1427887199999998e+00   6.1229350000000002e-02  -4.9999999999999994e-01 #xyz tv2
          -1.1081050799999999e+00   1.1313708000000001e-01  -4.9999999999999994e-01 -1 66 #xyz tv3 fid bid
          -1.1315365399999999e+00   5.6568540000000007e-02  -4.9999999999999994e-01 #xyz tv0
          -9.9511332965321697e-01  -1.4531748360195545e-01  -8.5672647922050182e-01 #xyz tv1
          -1.1427887199999998e+00   6.1229350000000002e-02  -4.9999999999999994e-01 #xyz tv2
          -1.1549680000000000e+00   0.0000000000000000e+00  -4.9999999999999994e-01 -1 66 #xyz tv3 fid bid
          -1.1315365399999999e+00   5.6568540000000007e-02  -4.9999999999999994e-01 #xyz tv0
          -1.1427887199999998e+00   6.1229350000000002e-02  -4.9999999999999994e-01 #xyz tv1
          -9.9511332965321697e-01  -1.4531748360195545e-01  -8.5672647922050182e-01 #xyz tv2
          -1.1081050799999999e+00   1.1313708000000001e-01  -4.9999999999999994e-01 -1 66 #xyz tv3 fid bid
          -1.1315365399999999e+00   5.6568540000000007e-02  -4.9999999999999994e-01 #xyz tv0
          -1.1427887199999998e+00   6.1229350000000002e-02  -4.9999999999999994e-01 #xyz tv1
          -1.1549680000000000e+00   0.0000000000000000e+00  -4.9999999999999994e-01 68 -1 #xyz tv2 fid bid
          -1.1315365399999999e+00   5.6568540000000007e-02  -4.9999999999999994e-01 #xyz tv0
          -1.1081050799999999e+00   1.1313708000000001e-01  -4.9999999999999994e-01 #xyz tv1
          -1.1427887199999998e+00   6.1229350000000002e-02  -4.9999999999999994e-01 68 -1 #xyz tv2 fid bid
          -1.1315365399999999e+00   5.6568540000000007e-02  -4.9999999999999994e-01 #xyz ev0
          -1.1427887199999998e+00   6.1229350000000002e-02  -4.9999999999999994e-01 -1 66 #xyz ev1 fid bid
   0   0.000000000000e+00   0.000000000000e+00   0.000000000000e+00 #flag location
END_ERR 
G3dErrFileVersion 2018P3.1
FlagFileMetaData Begin
   Mesh Size - Setup1, Refinement, Pass #2, Freq. 9.150000e+08 :Title    
   Listing of mesh elements with poor quality. :ToolTip  
   hf3d :Author   
   1737325583 :TimeStamp
FlagFileMetaData End
BEGIN_ERR 
26 Small mesh segment detected on body : Air
 Small mesh segment detected on body : Air 
 Segment Statistics - Number of Segments : 1 --- Segment length(s) : 5.561885cm. The cutoff frequency for S-Matrix Only Solve is 1.92359613731152MHz 
2 -1  97  # nfids, fids[]
2 93  -1  # nbids, bids[]
      8 2 1 0 #ntets ntri ned npts
          -6.6038646460459516e-01   2.5784914306697537e+00   7.3200000000000003e+00 #xyz tv0
          -2.0898618604073613e+00   3.4790115341420744e+00   3.6761853457561688e+00 #xyz tv1
          -6.5449999999999990e+00   4.6832964409722235e+00   4.3197839506172837e+00 #xyz tv2
          -6.5449999999999990e+00   1.7302825838783066e-15   7.3200000000000003e+00 -1 93 #xyz tv3 fid bid
          -3.9969140604214353e+00   1.6263731983345253e+00   2.6373161395247697e+00 #xyz tv0
          -6.5449999999999990e+00   4.6832964409722235e+00   4.3197839506172837e+00 #xyz tv1
          -2.0898618604073613e+00   3.4790115341420744e+00   3.6761853457561688e+00 #xyz tv2
          -6.5449999999999990e+00   1.7302825838783066e-15   7.3200000000000003e+00 -1 93 #xyz tv3 fid bid
          -6.5449999999999990e+00   1.7302825838783066e-15   7.3200000000000003e+00 #xyz tv0
          -6.5449999999999990e+00   4.6832964409722235e+00   4.3197839506172837e+00 #xyz tv1
          -6.6038646460459516e-01   2.5784914306697537e+00   7.3200000000000003e+00 #xyz tv2
          -6.5449999999999990e+00   7.7924999999999995e+00   7.3200000000000003e+00 -1 93 #xyz tv3 fid bid
          -3.9969140604214353e+00   1.6263731983345253e+00   2.6373161395247697e+00 #xyz tv0
          -6.5449999999999990e+00   1.8871545410156259e+00   9.4999999999999984e-01 #xyz tv1
          -6.5449999999999990e+00   4.6832964409722235e+00   4.3197839506172837e+00 #xyz tv2
          -6.5449999999999990e+00   1.7302825838783066e-15   7.3200000000000003e+00 -1 93 #xyz tv3 fid bid
          -6.5449999999999990e+00   1.7302825838783066e-15   7.3200000000000003e+00 #xyz tv0
          -6.5449999999999990e+00   4.6832964409722235e+00   4.3197839506172837e+00 #xyz tv1
          -6.5449999999999990e+00   7.7924999999999995e+00   7.3200000000000003e+00 #xyz tv2
          -1.0681490644009790e+01   5.2992589165638204e+00   1.1659624593471678e+01 -1 93 #xyz tv3 fid bid
          -6.5449999999999990e+00   4.6832964409722235e+00   4.3197839506172837e+00 #xyz tv0
          -6.5449999999999990e+00   1.7302825838783066e-15   7.3200000000000003e+00 #xyz tv1
          -6.5449999999999990e+00   1.8871545410156259e+00   9.4999999999999984e-01 #xyz tv2
          -8.6104511791061249e+00   3.9144812306198089e+00   1.3156469048861226e+00 -1 93 #xyz tv3 fid bid
          -1.5640000000000001e+01   0.0000000000000000e+00   3.4100000000000006e+00 #xyz tv0
          -6.5449999999999990e+00   1.7302825838783066e-15   7.3200000000000003e+00 #xyz tv1
          -6.5449999999999990e+00   4.6832964409722235e+00   4.3197839506172837e+00 #xyz tv2
          -8.6104511791061249e+00   3.9144812306198089e+00   1.3156469048861226e+00 -1 93 #xyz tv3 fid bid
          -1.5640000000000001e+01   0.0000000000000000e+00   3.4100000000000006e+00 #xyz tv0
          -6.5449999999999990e+00   4.6832964409722235e+00   4.3197839506172837e+00 #xyz tv1
          -6.5449999999999990e+00   1.7302825838783066e-15   7.3200000000000003e+00 #xyz tv2
          -1.0681490644009790e+01   5.2992589165638204e+00   1.1659624593471678e+01 -1 93 #xyz tv3 fid bid
          -6.5449999999999990e+00   1.8871545410156259e+00   9.4999999999999984e-01 #xyz tv0
          -6.5449999999999990e+00   4.6832964409722235e+00   4.3197839506172837e+00 #xyz tv1
          -6.5449999999999990e+00   1.7302825838783066e-15   7.3200000000000003e+00 97 -1 #xyz tv2 fid bid
          -6.5449999999999990e+00   7.7924999999999995e+00   7.3200000000000003e+00 #xyz tv0
          -6.5449999999999990e+00   1.7302825838783066e-15   7.3200000000000003e+00 #xyz tv1
          -6.5449999999999990e+00   4.6832964409722235e+00   4.3197839506172837e+00 97 -1 #xyz tv2 fid bid
          -6.5449999999999990e+00   4.6832964409722235e+00   4.3197839506172837e+00 #xyz ev0
          -6.5449999999999990e+00   1.7302825838783066e-15   7.3200000000000003e+00 -1 93 #xyz ev1 fid bid
   0   0.000000000000e+00   0.000000000000e+00   0.000000000000e+00 #flag location
END_ERR 
G3dErrFileVersion 2018P3.1
FlagFileMetaData Begin
   Mesh Size - Setup1, Refinement, Pass #3, Freq. 9.150000e+08 :Title    
   Listing of mesh elements with poor quality. :ToolTip  
   hf3d :Author   
   1737325586 :TimeStamp
FlagFileMetaData End
BEGIN_ERR 
26 Small mesh segment detected on body : Air
 Small mesh segment detected on body : Air 
 Segment Statistics - Number of Segments : 1 --- Segment length(s) : 5.527100cm. The cutoff frequency for S-Matrix Only Solve is 1.92359613731152MHz 
2 -1  97  # nfids, fids[]
2 93  -1  # nbids, bids[]
      5 2 1 0 #ntets ntri ned npts
          -6.5449999999999990e+00  -4.6059141107253083e+00   4.2647759487882944e+00 #xyz tv0
          -6.5449999999999990e+00   1.7302825838783066e-15   7.3200000000000003e+00 #xyz tv1
          -4.9751259951042259e+00  -3.2444988379480808e+00   3.1673312938974783e+00 #xyz tv2
          -1.9549999999999998e+00  -7.7924999999999995e+00   7.3200000000000003e+00 -1 93 #xyz tv3 fid bid
          -6.5449999999999990e+00  -4.6059141107253083e+00   4.2647759487882944e+00 #xyz tv0
          -6.5449999999999990e+00   1.7302825838783066e-15   7.3200000000000003e+00 #xyz tv1
          -1.9549999999999998e+00  -7.7924999999999995e+00   7.3200000000000003e+00 #xyz tv2
          -6.5449999999999990e+00  -7.7924999999999995e+00   7.3200000000000003e+00 -1 93 #xyz tv3 fid bid
          -6.5449999999999990e+00  -4.6059141107253083e+00   4.2647759487882944e+00 #xyz tv0
          -4.9751259951042259e+00  -3.2444988379480808e+00   3.1673312938974783e+00 #xyz tv1
          -6.5449999999999990e+00   1.7302825838783066e-15   7.3200000000000003e+00 #xyz tv2
          -6.5449999999999990e+00  -1.5359348958333321e+00   3.7423024691358027e+00 -1 93 #xyz tv3 fid bid
          -6.5449999999999990e+00   1.7302825838783066e-15   7.3200000000000003e+00 #xyz tv0
          -6.5449999999999990e+00  -7.7924999999999995e+00   7.3200000000000003e+00 #xyz tv1
          -6.5449999999999990e+00  -4.6059141107253083e+00   4.2647759487882944e+00 #xyz tv2
          -9.9946464039573932e+00  -2.9282352508338971e+00   5.9168274941654797e+00 -1 93 #xyz tv3 fid bid
          -6.5449999999999990e+00  -1.5359348958333321e+00   3.7423024691358027e+00 #xyz tv0
          -6.5449999999999990e+00  -4.6059141107253083e+00   4.2647759487882944e+00 #xyz tv1
          -9.9946464039573932e+00  -2.9282352508338971e+00   5.9168274941654797e+00 #xyz tv2
          -6.5449999999999990e+00   1.7302825838783066e-15   7.3200000000000003e+00 -1 93 #xyz tv3 fid bid
          -6.5449999999999990e+00  -4.6059141107253083e+00   4.2647759487882944e+00 #xyz tv0
          -6.5449999999999990e+00   1.7302825838783066e-15   7.3200000000000003e+00 #xyz tv1
          -6.5449999999999990e+00  -7.7924999999999995e+00   7.3200000000000003e+00 97 -1 #xyz tv2 fid bid
          -6.5449999999999990e+00  -1.5359348958333321e+00   3.7423024691358027e+00 #xyz tv0
          -6.5449999999999990e+00   1.7302825838783066e-15   7.3200000000000003e+00 #xyz tv1
          -6.5449999999999990e+00  -4.6059141107253083e+00   4.2647759487882944e+00 97 -1 #xyz tv2 fid bid
          -6.5449999999999990e+00  -4.6059141107253083e+00   4.2647759487882944e+00 #xyz ev0
          -6.5449999999999990e+00   1.7302825838783066e-15   7.3200000000000003e+00 -1 93 #xyz ev1 fid bid
   0   0.000000000000e+00   0.000000000000e+00   0.000000000000e+00 #flag location
END_ERR 
G3dErrFileVersion 2018P3.1
FlagFileMetaData Begin
   Mesh Size - Setup1, Refinement, Pass #4, Freq. 9.150000e+08 :Title    
   Listing of mesh elements with poor quality. :ToolTip  
   hf3d :Author   
   1737325589 :TimeStamp
FlagFileMetaData End
BEGIN_ERR 
26 Small mesh segment detected on body : Air
 Small mesh segment detected on body : Air 
 Segment Statistics - Number of Segments : 1 --- Segment length(s) : 5.486560cm. The cutoff frequency for S-Matrix Only Solve is 1.92359613731152MHz 
2 -1  97  # nfids, fids[]
2 93  -1  # nbids, bids[]
      5 2 1 0 #ntets ntri ned npts
          -6.5449999999999990e+00  -4.5111367441759178e+00   4.1971834085886295e+00 #xyz tv0
          -6.5449999999999990e+00   1.7302825838783066e-15   7.3200000000000003e+00 #xyz tv1
          -4.9751259951042259e+00  -3.2444988379480808e+00   3.1673312938974783e+00 #xyz tv2
          -1.9549999999999998e+00  -7.7924999999999995e+00   7.3200000000000003e+00 -1 93 #xyz tv3 fid bid
          -6.5449999999999990e+00  -4.5111367441759178e+00   4.1971834085886295e+00 #xyz tv0
          -4.9751259951042259e+00  -3.2444988379480808e+00   3.1673312938974783e+00 #xyz tv1
          -6.5449999999999990e+00   1.7302825838783066e-15   7.3200000000000003e+00 #xyz tv2
          -6.5449999999999990e+00  -1.5359348958333321e+00   3.7423024691358027e+00 -1 93 #xyz tv3 fid bid
          -6.5449999999999990e+00  -4.5111367441759178e+00   4.1971834085886295e+00 #xyz tv0
          -6.5449999999999990e+00   1.7302825838783066e-15   7.3200000000000003e+00 #xyz tv1
          -1.9549999999999998e+00  -7.7924999999999995e+00   7.3200000000000003e+00 #xyz tv2
          -6.5449999999999990e+00  -7.7924999999999995e+00   7.3200000000000003e+00 -1 93 #xyz tv3 fid bid
          -6.5449999999999990e+00  -1.5359348958333321e+00   3.7423024691358027e+00 #xyz tv0
          -6.5449999999999990e+00  -4.5111367441759178e+00   4.1971834085886295e+00 #xyz tv1
          -9.7396641333389091e+00  -2.8445526298124415e+00   5.5560469813908426e+00 #xyz tv2
          -6.5449999999999990e+00   1.7302825838783066e-15   7.3200000000000003e+00 -1 93 #xyz tv3 fid bid
          -6.5449999999999990e+00   1.7302825838783066e-15   7.3200000000000003e+00 #xyz tv0
          -6.5449999999999990e+00  -7.7924999999999995e+00   7.3200000000000003e+00 #xyz tv1
          -6.5449999999999990e+00  -4.5111367441759178e+00   4.1971834085886295e+00 #xyz tv2
          -9.7396641333389091e+00  -2.8445526298124415e+00   5.5560469813908426e+00 -1 93 #xyz tv3 fid bid
          -6.5449999999999990e+00  -4.5111367441759178e+00   4.1971834085886295e+00 #xyz tv0
          -6.5449999999999990e+00   1.7302825838783066e-15   7.3200000000000003e+00 #xyz tv1
          -6.5449999999999990e+00  -7.7924999999999995e+00   7.3200000000000003e+00 97 -1 #xyz tv2 fid bid
          -6.5449999999999990e+00  -1.5359348958333321e+00   3.7423024691358027e+00 #xyz tv0
          -6.5449999999999990e+00   1.7302825838783066e-15   7.3200000000000003e+00 #xyz tv1
          -6.5449999999999990e+00  -4.5111367441759178e+00   4.1971834085886295e+00 97 -1 #xyz tv2 fid bid
          -6.5449999999999990e+00  -4.5111367441759178e+00   4.1971834085886295e+00 #xyz ev0
          -6.5449999999999990e+00   1.7302825838783066e-15   7.3200000000000003e+00 -1 93 #xyz ev1 fid bid
   0   0.000000000000e+00   0.000000000000e+00   0.000000000000e+00 #flag location
END_ERR 
G3dErrFileVersion 2018P3.1
FlagFileMetaData Begin
   Mesh Size - Setup1, Refinement, Pass #5, Freq. 9.150000e+08 :Title    
   Listing of mesh elements with poor quality. :ToolTip  
   hf3d :Author   
   1737325592 :TimeStamp
FlagFileMetaData End
BEGIN_ERR 
26 Small mesh segment detected on body : Air
 Small mesh segment detected on body : Air 
 Segment Statistics - Number of Segments : 1 --- Segment length(s) : 5.433217cm. The cutoff frequency for S-Matrix Only Solve is 1.92359613731152MHz 
2 -1  97  # nfids, fids[]
2 93  -1  # nbids, bids[]
      6 2 1 0 #ntets ntri ned npts
          -6.5449999999999990e+00  -4.3777463764397400e+00   4.1020531668261384e+00 #xyz tv0
          -6.5449999999999990e+00   1.7302825838783066e-15   7.3200000000000003e+00 #xyz tv1
           7.4380810078438420e-01  -2.5986594547280788e+00   7.3200000000000003e+00 #xyz tv2
          -1.9549999999999998e+00  -7.7924999999999995e+00   7.3200000000000003e+00 -1 93 #xyz tv3 fid bid
          -6.5449999999999990e+00  -4.3777463764397400e+00   4.1020531668261384e+00 #xyz tv0
           7.4380810078438420e-01  -2.5986594547280788e+00   7.3200000000000003e+00 #xyz tv1
          -6.5449999999999990e+00   1.7302825838783066e-15   7.3200000000000003e+00 #xyz tv2
          -4.9076521103479624e+00  -3.1180745130248146e+00   2.8519848696224761e+00 -1 93 #xyz tv3 fid bid
          -6.5449999999999990e+00  -4.3777463764397400e+00   4.1020531668261384e+00 #xyz tv0
          -6.5449999999999990e+00   1.7302825838783066e-15   7.3200000000000003e+00 #xyz tv1
          -1.9549999999999998e+00  -7.7924999999999995e+00   7.3200000000000003e+00 #xyz tv2
          -6.5449999999999990e+00  -7.7924999999999995e+00   7.3200000000000003e+00 -1 93 #xyz tv3 fid bid
          -6.5449999999999990e+00  -4.3777463764397400e+00   4.1020531668261384e+00 #xyz tv0
          -4.9076521103479624e+00  -3.1180745130248146e+00   2.8519848696224761e+00 #xyz tv1
          -6.5449999999999990e+00   1.7302825838783066e-15   7.3200000000000003e+00 #xyz tv2
          -6.5449999999999990e+00  -1.5359348958333321e+00   3.7423024691358027e+00 -1 93 #xyz tv3 fid bid
          -6.5449999999999990e+00   1.7302825838783066e-15   7.3200000000000003e+00 #xyz tv0
          -6.5449999999999990e+00  -7.7924999999999995e+00   7.3200000000000003e+00 #xyz tv1
          -6.5449999999999990e+00  -4.3777463764397400e+00   4.1020531668261384e+00 #xyz tv2
          -9.7237277414252539e+00  -2.8327222973657777e+00   5.5278990157048558e+00 -1 93 #xyz tv3 fid bid
          -6.5449999999999990e+00  -1.5359348958333321e+00   3.7423024691358027e+00 #xyz tv0
          -6.5449999999999990e+00  -4.3777463764397400e+00   4.1020531668261384e+00 #xyz tv1
          -9.7237277414252539e+00  -2.8327222973657777e+00   5.5278990157048558e+00 #xyz tv2
          -6.5449999999999990e+00   1.7302825838783066e-15   7.3200000000000003e+00 -1 93 #xyz tv3 fid bid
          -6.5449999999999990e+00  -4.3777463764397400e+00   4.1020531668261384e+00 #xyz tv0
          -6.5449999999999990e+00   1.7302825838783066e-15   7.3200000000000003e+00 #xyz tv1
          -6.5449999999999990e+00  -7.7924999999999995e+00   7.3200000000000003e+00 97 -1 #xyz tv2 fid bid
          -6.5449999999999990e+00  -1.5359348958333321e+00   3.7423024691358027e+00 #xyz tv0
          -6.5449999999999990e+00   1.7302825838783066e-15   7.3200000000000003e+00 #xyz tv1
          -6.5449999999999990e+00  -4.3777463764397400e+00   4.1020531668261384e+00 97 -1 #xyz tv2 fid bid
          -6.5449999999999990e+00  -4.3777463764397400e+00   4.1020531668261384e+00 #xyz ev0
          -6.5449999999999990e+00   1.7302825838783066e-15   7.3200000000000003e+00 -1 93 #xyz ev1 fid bid
   0   0.000000000000e+00   0.000000000000e+00   0.000000000000e+00 #flag location
END_ERR 
G3dErrFileVersion 2018P3.1
FlagFileMetaData Begin
   Mesh Size - Setup1, Refinement, Pass #6, Freq. 9.150000e+08 :Title    
   Listing of mesh elements with poor quality. :ToolTip  
   hf3d :Author   
   1737325595 :TimeStamp
FlagFileMetaData End
BEGIN_ERR 
26 Small mesh segment detected on body : Air
 Small mesh segment detected on body : Air 
 Segment Statistics - Number of Segments : 1 --- Segment length(s) : 5.433217cm. The cutoff frequency for S-Matrix Only Solve is 1.92359613731152MHz 
2 -1  97  # nfids, fids[]
2 93  -1  # nbids, bids[]
      6 2 1 0 #ntets ntri ned npts
          -6.5449999999999990e+00  -4.3777463764397400e+00   4.1020531668261384e+00 #xyz tv0
          -6.5449999999999990e+00   1.7302825838783066e-15   7.3200000000000003e+00 #xyz tv1
           7.2418417907183141e-01  -2.5981029895604726e+00   7.3200000000000003e+00 #xyz tv2
          -1.9549999999999998e+00  -7.7924999999999995e+00   7.3200000000000003e+00 -1 93 #xyz tv3 fid bid
          -6.5449999999999990e+00  -4.3777463764397400e+00   4.1020531668261384e+00 #xyz tv0
