G3dErrFileVersion 2018P3.1
FlagFileMetaData Begin
   Mesh Size - Setup1, Refinement, Pass #1, Freq. 9.150000e+08 :Title    
   Listing of mesh elements with poor quality. :ToolTip  
   hf3d :Author   
   1739927149 :TimeStamp
FlagFileMetaData End
BEGIN_ERR 
26 Small mesh segment detected on body : Coax
 Small mesh segment detected on body : Coax 
 Segment Statistics - Number of Segments : 1 --- Segment length(s) : 0.014767cm. The cutoff frequency for S-Matrix Only Solve is 1.99861638666667MHz 
2 -1  68  # nfids, fids[]
2 66  -1  # nbids, bids[]
      5 2 1 0 #ntets ntri ned npts
           1.6895674999999999e-02  -6.9962460000000004e-02  -5.0000000000000000e-01 #xyz tv0
          -7.3370800000000010e-03  -1.1313708000000001e-01  -4.3359374999999994e-01 #xyz tv1
           4.9231460000000012e-02  -9.1568540000000004e-02  -5.0000000000000000e-01 #xyz tv2
           3.6053650000000001e-03  -7.6398944999999996e-02  -5.0000000000000000e-01 -1 66 #xyz tv3 fid bid
           5.8919701386111112e-01   6.2504827230555549e-01  -1.1598632812499998e+00 #xyz tv0
           4.9231460000000012e-02  -9.1568540000000004e-02  -5.0000000000000000e-01 #xyz tv1
           3.6053650000000001e-03  -7.6398944999999996e-02  -5.0000000000000000e-01 #xyz tv2
           1.6895674999999999e-02  -6.9962460000000004e-02  -5.0000000000000000e-01 -1 66 #xyz tv3 fid bid
           4.1128430000000001e-02  -2.6787840000000000e-02  -4.3359374999999989e-01 #xyz tv0
          -7.3370800000000010e-03  -1.1313708000000001e-01  -4.3359374999999994e-01 #xyz tv1
           1.6895674999999999e-02  -6.9962460000000004e-02  -5.0000000000000000e-01 #xyz tv2
           3.6053650000000001e-03  -7.6398944999999996e-02  -5.0000000000000000e-01 -1 66 #xyz tv3 fid bid
           5.8919701386111112e-01   6.2504827230555549e-01  -1.1598632812499998e+00 #xyz tv0
           3.6053650000000001e-03  -7.6398944999999996e-02  -5.0000000000000000e-01 #xyz tv1
          -6.5357849999999997e-03  -1.3393920000000000e-02  -5.0000000000000000e-01 #xyz tv2
           1.6895674999999999e-02  -6.9962460000000004e-02  -5.0000000000000000e-01 -1 66 #xyz tv3 fid bid
           4.1128430000000001e-02  -2.6787840000000000e-02  -4.3359374999999989e-01 #xyz tv0
           1.6895674999999999e-02  -6.9962460000000004e-02  -5.0000000000000000e-01 #xyz tv1
          -6.5357849999999997e-03  -1.3393920000000000e-02  -5.0000000000000000e-01 #xyz tv2
           3.6053650000000001e-03  -7.6398944999999996e-02  -5.0000000000000000e-01 -1 66 #xyz tv3 fid bid
          -6.5357849999999997e-03  -1.3393920000000000e-02  -5.0000000000000000e-01 #xyz tv0
           3.6053650000000001e-03  -7.6398944999999996e-02  -5.0000000000000000e-01 #xyz tv1
           1.6895674999999999e-02  -6.9962460000000004e-02  -5.0000000000000000e-01 68 -1 #xyz tv2 fid bid
           3.6053650000000001e-03  -7.6398944999999996e-02  -5.0000000000000000e-01 #xyz tv0
           4.9231460000000012e-02  -9.1568540000000004e-02  -5.0000000000000000e-01 #xyz tv1
           1.6895674999999999e-02  -6.9962460000000004e-02  -5.0000000000000000e-01 68 -1 #xyz tv2 fid bid
           3.6053650000000001e-03  -7.6398944999999996e-02  -5.0000000000000000e-01 #xyz ev0
           1.6895674999999999e-02  -6.9962460000000004e-02  -5.0000000000000000e-01 -1 66 #xyz ev1 fid bid
   0   0.000000000000e+00   0.000000000000e+00   0.000000000000e+00 #flag location
END_ERR 
G3dErrFileVersion 2018P3.1
FlagFileMetaData Begin
   Mesh Size - Setup1, Refinement, Pass #2, Freq. 9.150000e+08 :Title    
   Listing of mesh elements with poor quality. :ToolTip  
   hf3d :Author   
   1739927157 :TimeStamp
FlagFileMetaData End
BEGIN_ERR 
26 Small mesh segment detected on body : Coax
 Small mesh segment detected on body : Coax 
 Segment Statistics - Number of Segments : 1 --- Segment length(s) : 0.019678cm. The cutoff frequency for S-Matrix Only Solve is 1.99861638666667MHz 
2 -1  68  # nfids, fids[]
2 66  -1  # nbids, bids[]
      5 2 1 0 #ntets ntri ned npts
           5.6302530000000010e-02  -4.9497469999999995e-02  -4.4465123530203809e-01 #xyz tv0
           5.6302530000000010e-02  -4.9497469999999995e-02  -5.0000000000000000e-01 #xyz tv1
           4.7953917499999998e-02  -6.7317015000000008e-02  -5.0000000000000000e-01 #xyz tv2
           7.9012159999999998e-02  -6.4671569999999998e-02  -4.5345502498644780e-01 -1 66 #xyz tv3 fid bid
           4.7953917499999998e-02  -6.7317015000000008e-02  -5.0000000000000000e-01 #xyz tv0
           7.9012159999999998e-02  -6.4671569999999998e-02  -4.5345502498644780e-01 #xyz tv1
           5.6302530000000010e-02  -4.9497469999999995e-02  -5.0000000000000000e-01 #xyz tv2
           7.9012159999999998e-02  -6.4671569999999998e-02  -5.0000000000000000e-01 -1 66 #xyz tv3 fid bid
           4.1128430000000001e-02  -2.6787840000000000e-02  -5.0000000000000000e-01 #xyz tv0
           4.7953917499999998e-02  -6.7317015000000008e-02  -5.0000000000000000e-01 #xyz tv1
           5.6302530000000010e-02  -4.9497469999999995e-02  -4.4465123530203809e-01 #xyz tv2
           5.6302530000000010e-02  -4.9497469999999995e-02  -5.0000000000000000e-01 -1 66 #xyz tv3 fid bid
           4.7953917499999998e-02  -6.7317015000000008e-02  -5.0000000000000000e-01 #xyz tv0
           5.6302530000000010e-02  -4.9497469999999995e-02  -5.0000000000000000e-01 #xyz tv1
           2.7210031852521044e-01   1.8994044384768169e-01  -7.2555365779637149e-01 #xyz tv2
           7.9012159999999998e-02  -6.4671569999999998e-02  -5.0000000000000000e-01 -1 66 #xyz tv3 fid bid
           2.7210031852521044e-01   1.8994044384768169e-01  -7.2555365779637149e-01 #xyz tv0
           4.7953917499999998e-02  -6.7317015000000008e-02  -5.0000000000000000e-01 #xyz tv1
           4.1128430000000001e-02  -2.6787840000000000e-02  -5.0000000000000000e-01 #xyz tv2
           5.6302530000000010e-02  -4.9497469999999995e-02  -5.0000000000000000e-01 -1 66 #xyz tv3 fid bid
           4.7953917499999998e-02  -6.7317015000000008e-02  -5.0000000000000000e-01 #xyz tv0
           7.9012159999999998e-02  -6.4671569999999998e-02  -5.0000000000000000e-01 #xyz tv1
           5.6302530000000010e-02  -4.9497469999999995e-02  -5.0000000000000000e-01 68 -1 #xyz tv2 fid bid
           4.1128430000000001e-02  -2.6787840000000000e-02  -5.0000000000000000e-01 #xyz tv0
           4.7953917499999998e-02  -6.7317015000000008e-02  -5.0000000000000000e-01 #xyz tv1
           5.6302530000000010e-02  -4.9497469999999995e-02  -5.0000000000000000e-01 68 -1 #xyz tv2 fid bid
           5.6302530000000010e-02  -4.9497469999999995e-02  -5.0000000000000000e-01 #xyz ev0
           4.7953917499999998e-02  -6.7317015000000008e-02  -5.0000000000000000e-01 -1 66 #xyz ev1 fid bid
   0   0.000000000000e+00   0.000000000000e+00   0.000000000000e+00 #flag location
END_ERR 
G3dErrFileVersion 2018P3.1
FlagFileMetaData Begin
   Mesh Size - Setup1, Refinement, Pass #3, Freq. 9.150000e+08 :Title    
   Listing of mesh elements with poor quality. :ToolTip  
   hf3d :Author   
   1739927165 :TimeStamp
FlagFileMetaData End
BEGIN_ERR 
26 Small mesh segment detected on body : Coax
 Small mesh segment detected on body : Coax 
 Segment Statistics - Number of Segments : 1 --- Segment length(s) : 0.019678cm. The cutoff frequency for S-Matrix Only Solve is 1.99861638666667MHz 
2 -1  68  # nfids, fids[]
2 66  -1  # nbids, bids[]
      5 2 1 0 #ntets ntri ned npts
           5.6302530000000010e-02  -4.9497469999999995e-02  -4.4465123530203809e-01 #xyz tv0
           5.6302530000000010e-02  -4.9497469999999995e-02  -5.0000000000000000e-01 #xyz tv1
           4.7953917499999998e-02  -6.7317015000000008e-02  -5.0000000000000000e-01 #xyz tv2
           7.9012159999999998e-02  -6.4671569999999998e-02  -4.5345502498644780e-01 -1 66 #xyz tv3 fid bid
           4.7953917499999998e-02  -6.7317015000000008e-02  -5.0000000000000000e-01 #xyz tv0
           7.9012159999999998e-02  -6.4671569999999998e-02  -4.5345502498644780e-01 #xyz tv1
           5.6302530000000010e-02  -4.9497469999999995e-02  -5.0000000000000000e-01 #xyz tv2
           7.9012159999999998e-02  -6.4671569999999998e-02  -5.0000000000000000e-01 -1 66 #xyz tv3 fid bid
           4.1128430000000001e-02  -2.6787840000000000e-02  -5.0000000000000000e-01 #xyz tv0
           4.7953917499999998e-02  -6.7317015000000008e-02  -5.0000000000000000e-01 #xyz tv1
           5.6302530000000010e-02  -4.9497469999999995e-02  -4.4465123530203809e-01 #xyz tv2
           5.6302530000000010e-02  -4.9497469999999995e-02  -5.0000000000000000e-01 -1 66 #xyz tv3 fid bid
           4.7953917499999998e-02  -6.7317015000000008e-02  -5.0000000000000000e-01 #xyz tv0
           5.6302530000000010e-02  -4.9497469999999995e-02  -5.0000000000000000e-01 #xyz tv1
           2.7250837899048908e-01   1.4881751475434335e-01  -6.8472544870342655e-01 #xyz tv2
           7.9012159999999998e-02  -6.4671569999999998e-02  -5.0000000000000000e-01 -1 66 #xyz tv3 fid bid
           2.7250837899048908e-01   1.4881751475434335e-01  -6.8472544870342655e-01 #xyz tv0
           4.7953917499999998e-02  -6.7317015000000008e-02  -5.0000000000000000e-01 #xyz tv1
           4.1128430000000001e-02  -2.6787840000000000e-02  -5.0000000000000000e-01 #xyz tv2
           5.6302530000000010e-02  -4.9497469999999995e-02  -5.0000000000000000e-01 -1 66 #xyz tv3 fid bid
           4.7953917499999998e-02  -6.7317015000000008e-02  -5.0000000000000000e-01 #xyz tv0
           7.9012159999999998e-02  -6.4671569999999998e-02  -5.0000000000000000e-01 #xyz tv1
           5.6302530000000010e-02  -4.9497469999999995e-02  -5.0000000000000000e-01 68 -1 #xyz tv2 fid bid
           4.1128430000000001e-02  -2.6787840000000000e-02  -5.0000000000000000e-01 #xyz tv0
           4.7953917499999998e-02  -6.7317015000000008e-02  -5.0000000000000000e-01 #xyz tv1
           5.6302530000000010e-02  -4.9497469999999995e-02  -5.0000000000000000e-01 68 -1 #xyz tv2 fid bid
           5.6302530000000010e-02  -4.9497469999999995e-02  -5.0000000000000000e-01 #xyz ev0
           4.7953917499999998e-02  -6.7317015000000008e-02  -5.0000000000000000e-01 -1 66 #xyz ev1 fid bid
   0   0.000000000000e+00   0.000000000000e+00   0.000000000000e+00 #flag location
END_ERR 
G3dErrFileVersion 2018P3.1
FlagFileMetaData Begin
   Mesh Size - Setup1, Refinement, Pass #1, Freq. 9.150000e+08 :Title    
   Listing of mesh elements with poor quality. :ToolTip  
   hf3d :Author   
   1739927544 :TimeStamp
FlagFileMetaData End
BEGIN_ERR 
26 Small mesh segment detected on body : Coax
 Small mesh segment detected on body : Coax 
 Segment Statistics - Number of Segments : 1 --- Segment length(s) : 0.001951cm. The cutoff frequency for S-Matrix Only Solve is 1.99861638666667MHz 
2 -1  68  # nfids, fids[]
2 66  -1  # nbids, bids[]
      4 2 1 0 #ntets ntri ned npts
          -5.8128430000000002e-02  -2.6787840000000000e-02  -5.0000000000000000e-01 #xyz tv0
          -4.6012052500000004e-02  -4.8375149999999999e-02  -5.0000000000000000e-01 #xyz tv1
          -7.3302530000000005e-02  -4.9497469999999995e-02  -4.6679687499999994e-01 #xyz tv2
          -4.4928190000000007e-02  -4.6753032500000000e-02  -5.0000000000000000e-01 -1 66 #xyz tv3 fid bid
          -1.6553850000000002e-02  -4.4008594999999998e-02  -5.0000000000000000e-01 #xyz tv0
          -7.3302530000000005e-02  -4.9497469999999995e-02  -4.6679687499999994e-01 #xyz tv1
          -4.6012052500000004e-02  -4.8375149999999999e-02  -5.0000000000000000e-01 #xyz tv2
          -4.4928190000000007e-02  -4.6753032500000000e-02  -5.0000000000000000e-01 -1 66 #xyz tv3 fid bid
           5.3125000000000000e-01   0.0000000000000000e+00  -1.0312499999999998e+00 #xyz tv0
          -4.6012052500000004e-02  -4.8375149999999999e-02  -5.0000000000000000e-01 #xyz tv1
          -5.8128430000000002e-02  -2.6787840000000000e-02  -5.0000000000000000e-01 #xyz tv2
          -4.4928190000000007e-02  -4.6753032500000000e-02  -5.0000000000000000e-01 -1 66 #xyz tv3 fid bid
           5.3125000000000000e-01   0.0000000000000000e+00  -1.0312499999999998e+00 #xyz tv0
          -1.6553850000000002e-02  -4.4008594999999998e-02  -5.0000000000000000e-01 #xyz tv1
          -4.6012052500000004e-02  -4.8375149999999999e-02  -5.0000000000000000e-01 #xyz tv2
          -4.4928190000000007e-02  -4.6753032500000000e-02  -5.0000000000000000e-01 -1 66 #xyz tv3 fid bid
          -5.8128430000000002e-02  -2.6787840000000000e-02  -5.0000000000000000e-01 #xyz tv0
          -4.6012052500000004e-02  -4.8375149999999999e-02  -5.0000000000000000e-01 #xyz tv1
          -4.4928190000000007e-02  -4.6753032500000000e-02  -5.0000000000000000e-01 68 -1 #xyz tv2 fid bid
          -4.6012052500000004e-02  -4.8375149999999999e-02  -5.0000000000000000e-01 #xyz tv0
          -1.6553850000000002e-02  -4.4008594999999998e-02  -5.0000000000000000e-01 #xyz tv1
          -4.4928190000000007e-02  -4.6753032500000000e-02  -5.0000000000000000e-01 68 -1 #xyz tv2 fid bid
          -4.6012052500000004e-02  -4.8375149999999999e-02  -5.0000000000000000e-01 #xyz ev0
          -4.4928190000000007e-02  -4.6753032500000000e-02  -5.0000000000000000e-01 -1 66 #xyz ev1 fid bid
   0   0.000000000000e+00   0.000000000000e+00   0.000000000000e+00 #flag location
END_ERR 
G3dErrFileVersion 2018P3.1
FlagFileMetaData Begin
   Mesh Size - Setup1, Refinement, Pass #2, Freq. 9.150000e+08 :Title    
   Listing of mesh elements with poor quality. :ToolTip  
   hf3d :Author   
   1739927552 :TimeStamp
FlagFileMetaData End
BEGIN_ERR 
26 Small mesh segment detected on body : Coax
 Small mesh segment detected on body : Coax 
 Segment Statistics - Number of Segments : 1 --- Segment length(s) : 0.022247cm. The cutoff frequency for S-Matrix Only Solve is 1.99861638666667MHz 
2 -1  68  # nfids, fids[]
2 66  -1  # nbids, bids[]
      4 2 1 0 #ntets ntri ned npts
          -5.8128430000000002e-02  -2.6787840000000000e-02  -5.0000000000000000e-01 #xyz tv0
          -5.1137684368074483e-02  -5.6300518116788496e-02  -5.0000000000000000e-01 #xyz tv1
          -7.3302530000000005e-02  -4.9497469999999995e-02  -4.6679687499999994e-01 #xyz tv2
          -3.6683671534564560e-02  -3.9388864850945969e-02  -5.0000000000000000e-01 -1 66 #xyz tv3 fid bid
          -2.1147928622506487e-02  -5.9175729318559425e-02  -5.0000000000000000e-01 #xyz tv0
          -7.3302530000000005e-02  -4.9497469999999995e-02  -4.6679687499999994e-01 #xyz tv1
          -5.1137684368074483e-02  -5.6300518116788496e-02  -5.0000000000000000e-01 #xyz tv2
          -3.6683671534564560e-02  -3.9388864850945969e-02  -5.0000000000000000e-01 -1 66 #xyz tv3 fid bid
           2.9884248244769479e-01  -1.0618898821373483e-01  -7.7301199560312728e-01 #xyz tv0
          -5.1137684368074483e-02  -5.6300518116788496e-02  -5.0000000000000000e-01 #xyz tv1
          -5.8128430000000002e-02  -2.6787840000000000e-02  -5.0000000000000000e-01 #xyz tv2
          -3.6683671534564560e-02  -3.9388864850945969e-02  -5.0000000000000000e-01 -1 66 #xyz tv3 fid bid
           2.9884248244769479e-01  -1.0618898821373483e-01  -7.7301199560312728e-01 #xyz tv0
          -2.1147928622506487e-02  -5.9175729318559425e-02  -5.0000000000000000e-01 #xyz tv1
          -5.1137684368074483e-02  -5.6300518116788496e-02  -5.0000000000000000e-01 #xyz tv2
          -3.6683671534564560e-02  -3.9388864850945969e-02  -5.0000000000000000e-01 -1 66 #xyz tv3 fid bid
          -5.8128430000000002e-02  -2.6787840000000000e-02  -5.0000000000000000e-01 #xyz tv0
          -5.1137684368074483e-02  -5.6300518116788496e-02  -5.0000000000000000e-01 #xyz tv1
          -3.6683671534564560e-02  -3.9388864850945969e-02  -5.0000000000000000e-01 68 -1 #xyz tv2 fid bid
          -5.1137684368074483e-02  -5.6300518116788496e-02  -5.0000000000000000e-01 #xyz tv0
          -2.1147928622506487e-02  -5.9175729318559425e-02  -5.0000000000000000e-01 #xyz tv1
          -3.6683671534564560e-02  -3.9388864850945969e-02  -5.0000000000000000e-01 68 -1 #xyz tv2 fid bid
          -5.1137684368074483e-02  -5.6300518116788496e-02  -5.0000000000000000e-01 #xyz ev0
          -3.6683671534564560e-02  -3.9388864850945969e-02  -5.0000000000000000e-01 -1 66 #xyz ev1 fid bid
   0   0.000000000000e+00   0.000000000000e+00   0.000000000000e+00 #flag location
END_ERR 
G3dErrFileVersion 2018P3.1
FlagFileMetaData Begin
   Mesh Size - Setup1, Refinement, Pass #3, Freq. 9.150000e+08 :Title    
   Listing of mesh elements with poor quality. :ToolTip  
   hf3d :Author   
   1739927560 :TimeStamp
FlagFileMetaData End
BEGIN_ERR 
26 Small mesh segment detected on body : Coax
 Small mesh segment detected on body : Coax 
 Segment Statistics - Number of Segments : 1 --- Segment length(s) : 0.022347cm. The cutoff frequency for S-Matrix Only Solve is 1.99861638666667MHz 
2 -1  76  # nfids, fids[]
2 66  -1  # nbids, bids[]
      5 2 1 0 #ntets ntri ned npts
          -7.3302530000000005e-02  -4.9497469999999995e-02  -2.2347422953902830e-02 #xyz tv0
          -5.8128430000000002e-02  -2.6787840000000000e-02   0.0000000000000000e+00 #xyz tv1
          -3.1250000000000097e-02  -3.1250000000000097e-02   0.0000000000000000e+00 #xyz tv2
          -7.3302530000000005e-02  -4.9497469999999995e-02   0.0000000000000000e+00 -1 66 #xyz tv3 fid bid
          -7.3302530000000005e-02  -4.9497469999999995e-02   0.0000000000000000e+00 #xyz tv0
          -9.6629200000000002e-03  -1.1313708000000001e-01   0.0000000000000000e+00 #xyz tv1
          -3.1250000000000097e-02  -3.1250000000000097e-02   0.0000000000000000e+00 #xyz tv2
          -7.3302530000000005e-02  -4.9497469999999995e-02  -2.2347422953902830e-02 -1 66 #xyz tv3 fid bid
          -7.3302530000000005e-02  -4.9497469999999995e-02  -2.2347422953902830e-02 #xyz tv0
          -5.8128430000000002e-02  -2.6787840000000000e-02   0.0000000000000000e+00 #xyz tv1
          -7.3302530000000005e-02  -4.9497469999999995e-02   0.0000000000000000e+00 #xyz tv2
          -9.6012159999999985e-02  -6.4671569999999998e-02  -3.5156249999999931e-02 -1 66 #xyz tv3 fid bid
          -7.3302530000000005e-02  -4.9497469999999995e-02   0.0000000000000000e+00 #xyz tv0
          -6.1570650000000011e-02  -1.4782073000000001e-01   0.0000000000000000e+00 #xyz tv1
          -9.6629200000000002e-03  -1.1313708000000001e-01   0.0000000000000000e+00 #xyz tv2
          -7.3302530000000005e-02  -4.9497469999999995e-02  -2.2347422953902830e-02 -1 66 #xyz tv3 fid bid
          -6.1570650000000011e-02  -1.4782073000000001e-01   0.0000000000000000e+00 #xyz tv0
          -7.3302530000000005e-02  -4.9497469999999995e-02  -2.2347422953902830e-02 #xyz tv1
          -7.3302530000000005e-02  -4.9497469999999995e-02   0.0000000000000000e+00 #xyz tv2
          -9.6012159999999985e-02  -6.4671569999999998e-02  -3.5156249999999931e-02 -1 66 #xyz tv3 fid bid
          -7.3302530000000005e-02  -4.9497469999999995e-02  -2.2347422953902830e-02 #xyz tv0
          -9.6012159999999985e-02  -6.4671569999999998e-02  -3.5156249999999931e-02 #xyz tv1
          -7.3302530000000005e-02  -4.9497469999999995e-02   0.0000000000000000e+00 76 -1 #xyz tv2 fid bid
          -7.3302530000000005e-02  -4.9497469999999995e-02  -2.2347422953902830e-02 #xyz tv0
          -7.3302530000000005e-02  -4.9497469999999995e-02   0.0000000000000000e+00 #xyz tv1
          -5.8128430000000002e-02  -2.6787840000000000e-02   0.0000000000000000e+00 76 -1 #xyz tv2 fid bid
          -7.3302530000000005e-02  -4.9497469999999995e-02   0.0000000000000000e+00 #xyz ev0
          -7.3302530000000005e-02  -4.9497469999999995e-02  -2.2347422953902830e-02 -1 66 #xyz ev1 fid bid
   0   0.000000000000e+00   0.000000000000e+00   0.000000000000e+00 #flag location
END_ERR 
G3dErrFileVersion 2018P3.1
FlagFileMetaData Begin
   Mesh Size - Setup1, Refinement, Pass #1, Freq. 9.150000e+08 :Title    
   Listing of mesh elements with poor quality. :ToolTip  
   hf3d :Author   
   1739927816 :TimeStamp
FlagFileMetaData End
BEGIN_ERR 
26 Small mesh segment detected on body : Coax
 Small mesh segment detected on body : Coax 
 Segment Statistics - Number of Segments : 1 --- Segment length(s) : 0.013656cm. The cutoff frequency for S-Matrix Only Solve is 1.99861638666667MHz 
2 -1  68  # nfids, fids[]
2 66  -1  # nbids, bids[]
      4 2 1 0 #ntets ntri ned npts
          -1.1438999999999999e+00   0.0000000000000000e+00  -4.9999999999999994e-01 #xyz tv0
          -1.2544025299999997e+00  -4.9497470000000002e-02  -4.4925596043194471e-01 #xyz tv1
          -1.1915642150000001e+00  -1.3393920000000000e-02  -5.0000000000000000e-01 #xyz tv2
          -1.1888999999999998e+00   0.0000000000000000e+00  -4.9999999999999994e-01 -1 66 #xyz tv3 fid bid
          -1.5937499999999993e+00  -5.3124999999999956e-01  -1.0312500000000002e+00 #xyz tv0
          -1.1438999999999999e+00   0.0000000000000000e+00  -4.9999999999999994e-01 #xyz tv1
          -1.1915642150000001e+00  -1.3393920000000000e-02  -5.0000000000000000e-01 #xyz tv2
          -1.1888999999999998e+00   0.0000000000000000e+00  -4.9999999999999994e-01 -1 66 #xyz tv3 fid bid
          -1.2140642149999998e+00  -1.3393919999999998e-02  -4.9999999999999994e-01 #xyz tv0
          -1.1915642150000001e+00  -1.3393920000000000e-02  -5.0000000000000000e-01 #xyz tv1
          -1.2544025299999997e+00  -4.9497470000000002e-02  -4.4925596043194471e-01 #xyz tv2
          -1.1888999999999998e+00   0.0000000000000000e+00  -4.9999999999999994e-01 -1 66 #xyz tv3 fid bid
          -1.2140642149999998e+00  -1.3393919999999998e-02  -4.9999999999999994e-01 #xyz tv0
          -1.5937499999999993e+00  -5.3124999999999956e-01  -1.0312500000000002e+00 #xyz tv1
          -1.1915642150000001e+00  -1.3393920000000000e-02  -5.0000000000000000e-01 #xyz tv2
          -1.1888999999999998e+00   0.0000000000000000e+00  -4.9999999999999994e-01 -1 66 #xyz tv3 fid bid
          -1.1915642150000001e+00  -1.3393920000000000e-02  -5.0000000000000000e-01 #xyz tv0
          -1.1438999999999999e+00   0.0000000000000000e+00  -4.9999999999999994e-01 #xyz tv1
          -1.1888999999999998e+00   0.0000000000000000e+00  -4.9999999999999994e-01 68 -1 #xyz tv2 fid bid
          -1.2140642149999998e+00  -1.3393919999999998e-02  -4.9999999999999994e-01 #xyz tv0
          -1.1915642150000001e+00  -1.3393920000000000e-02  -5.0000000000000000e-01 #xyz tv1
          -1.1888999999999998e+00   0.0000000000000000e+00  -4.9999999999999994e-01 68 -1 #xyz tv2 fid bid
          -1.1888999999999998e+00   0.0000000000000000e+00  -4.9999999999999994e-01 #xyz ev0
          -1.1915642150000001e+00  -1.3393920000000000e-02  -5.0000000000000000e-01 -1 66 #xyz ev1 fid bid
   0   0.000000000000e+00   0.000000000000e+00   0.000000000000e+00 #flag location
END_ERR 
G3dErrFileVersion 2018P3.1
FlagFileMetaData Begin
   Mesh Size - Setup1, Refinement, Pass #2, Freq. 9.150000e+08 :Title    
   Listing of mesh elements with poor quality. :ToolTip  
   hf3d :Author   
   1739927824 :TimeStamp
FlagFileMetaData End
BEGIN_ERR 
26 Small mesh segment detected on body : Sub1
 Small mesh segment detected on body : Sub1 
 Segment Statistics - Number of Segments : 1 --- Segment length(s) : 0.015141cm. The cutoff frequency for S-Matrix Only Solve is 1.99861638666667MHz 
1 -1  # nfids, fids[]
1 6  # nbids, bids[]
      6 0 1 0 #ntets ntri ned npts
          -1.2544025299999997e+00  -4.9497470000000002e-02   9.9999999999999989e-01 #xyz tv0
          -1.2285156249999996e+00  -3.3203124999999743e-02   9.2773437499999967e-01 #xyz tv1
          -1.2392284299999998e+00  -2.6787839999999997e-02   9.1917032999999959e-01 #xyz tv2
          -1.2544025299999997e+00  -4.9497470000000002e-02   8.5124220725416466e-01 -1 6 #xyz tv3 fid bid
          -1.2544025299999997e+00  -4.9497470000000002e-02   9.9999999999999989e-01 #xyz tv0
          -1.2392284299999998e+00  -2.6787839999999997e-02   9.1917032999999959e-01 #xyz tv1
          -1.2285156249999996e+00  -3.3203124999999743e-02   9.2773437499999967e-01 #xyz tv2
          -1.2392284299999998e+00  -2.6787839999999997e-02   9.9999999999999989e-01 -1 6 #xyz tv3 fid bid
          -1.2392284299999998e+00  -2.6787839999999997e-02   8.6347688499999986e-01 #xyz tv0
          -1.2392284299999998e+00  -2.6787839999999997e-02   9.1917032999999959e-01 #xyz tv1
          -1.2285156249999996e+00  -3.3203124999999743e-02   9.2773437499999967e-01 #xyz tv2
          -1.2544025299999997e+00  -4.9497470000000002e-02   8.5124220725416466e-01 -1 6 #xyz tv3 fid bid
          -1.2339000000000000e+00   0.0000000000000000e+00   9.9999999999999989e-01 #xyz tv0
          -1.2392284299999998e+00  -2.6787839999999997e-02   9.1917032999999959e-01 #xyz tv1
          -1.2392284299999998e+00  -2.6787839999999997e-02   9.9999999999999989e-01 #xyz tv2
          -1.2285156249999996e+00  -3.3203124999999743e-02   9.2773437499999967e-01 -1 6 #xyz tv3 fid bid
          -1.2339000000000000e+00   0.0000000000000000e+00   8.9686424154084232e-01 #xyz tv0
          -1.2392284299999998e+00  -2.6787839999999997e-02   8.6347688499999986e-01 #xyz tv1
          -1.2392284299999998e+00  -2.6787839999999997e-02   9.1917032999999959e-01 #xyz tv2
          -1.2285156249999996e+00  -3.3203124999999743e-02   9.2773437499999967e-01 -1 6 #xyz tv3 fid bid
          -1.2392284299999998e+00  -2.6787839999999997e-02   9.1917032999999959e-01 #xyz tv0
          -1.2339000000000000e+00   0.0000000000000000e+00   9.9999999999999989e-01 #xyz tv1
          -1.2339000000000000e+00   0.0000000000000000e+00   8.9686424154084232e-01 #xyz tv2
          -1.2285156249999996e+00  -3.3203124999999743e-02   9.2773437499999967e-01 -1 6 #xyz tv3 fid bid
          -1.2285156249999996e+00  -3.3203124999999743e-02   9.2773437499999967e-01 #xyz ev0
          -1.2392284299999998e+00  -2.6787839999999997e-02   9.1917032999999959e-01 -1 6 #xyz ev1 fid bid
   0   0.000000000000e+00   0.000000000000e+00   0.000000000000e+00 #flag location
END_ERR 
G3dErrFileVersion 2018P3.1
FlagFileMetaData Begin
   Mesh Size - Setup1, Refinement, Pass #3, Freq. 9.150000e+08 :Title    
   Listing of mesh elements with poor quality. :ToolTip  
   hf3d :Author   
   1739927832 :TimeStamp
FlagFileMetaData End
BEGIN_ERR 
26 Small mesh segment detected on body : Sub1
 Small mesh segment detected on body : Sub1 
 Segment Statistics - Number of Segments : 1 --- Segment length(s) : 0.015141cm. The cutoff frequency for S-Matrix Only Solve is 1.99861638666667MHz 
1 -1  # nfids, fids[]
1 6  # nbids, bids[]
      6 0 1 0 #ntets ntri ned npts
          -1.2544025299999997e+00  -4.9497470000000002e-02   9.9999999999999989e-01 #xyz tv0
          -1.2285156249999996e+00  -3.3203124999999743e-02   9.2773437499999967e-01 #xyz tv1
          -1.2392284299999998e+00  -2.6787839999999997e-02   9.1917032999999959e-01 #xyz tv2
          -1.2544025299999997e+00  -4.9497470000000002e-02   8.5124220725416466e-01 -1 6 #xyz tv3 fid bid
          -1.2544025299999997e+00  -4.9497470000000002e-02   9.9999999999999989e-01 #xyz tv0
          -1.2392284299999998e+00  -2.6787839999999997e-02   9.1917032999999959e-01 #xyz tv1
          -1.2285156249999996e+00  -3.3203124999999743e-02   9.2773437499999967e-01 #xyz tv2
          -1.2392284299999998e+00  -2.6787839999999997e-02   9.9999999999999989e-01 -1 6 #xyz tv3 fid bid
          -1.2392284299999998e+00  -2.6787839999999997e-02   8.6347688499999986e-01 #xyz tv0
          -1.2392284299999998e+00  -2.6787839999999997e-02   9.1917032999999959e-01 #xyz tv1
          -1.2285156249999996e+00  -3.3203124999999743e-02   9.2773437499999967e-01 #xyz tv2
          -1.2544025299999997e+00  -4.9497470000000002e-02   8.5124220725416466e-01 -1 6 #xyz tv3 fid bid
          -1.2339000000000000e+00   0.0000000000000000e+00   9.9999999999999989e-01 #xyz tv0
          -1.2392284299999998e+00  -2.6787839999999997e-02   9.1917032999999959e-01 #xyz tv1
          -1.2392284299999998e+00  -2.6787839999999997e-02   9.9999999999999989e-01 #xyz tv2
          -1.2285156249999996e+00  -3.3203124999999743e-02   9.2773437499999967e-01 -1 6 #xyz tv3 fid bid
          -1.2339000000000000e+00   0.0000000000000000e+00   8.9686424154084232e-01 #xyz tv0
          -1.2392284299999998e+00  -2.6787839999999997e-02   8.6347688499999986e-01 #xyz tv1
          -1.2392284299999998e+00  -2.6787839999999997e-02   9.1917032999999959e-01 #xyz tv2
          -1.2285156249999996e+00  -3.3203124999999743e-02   9.2773437499999967e-01 -1 6 #xyz tv3 fid bid
          -1.2392284299999998e+00  -2.6787839999999997e-02   9.1917032999999959e-01 #xyz tv0
          -1.2339000000000000e+00   0.0000000000000000e+00   9.9999999999999989e-01 #xyz tv1
          -1.2339000000000000e+00   0.0000000000000000e+00   8.9686424154084232e-01 #xyz tv2
          -1.2285156249999996e+00  -3.3203124999999743e-02   9.2773437499999967e-01 -1 6 #xyz tv3 fid bid
          -1.2285156249999996e+00  -3.3203124999999743e-02   9.2773437499999967e-01 #xyz ev0
          -1.2392284299999998e+00  -2.6787839999999997e-02   9.1917032999999959e-01 -1 6 #xyz ev1 fid bid
   0   0.000000000000e+00   0.000000000000e+00   0.000000000000e+00 #flag location
END_ERR 
G3dErrFileVersion 2018P3.1
FlagFileMetaData Begin
   Mesh Size - Setup1, Refinement, Pass #1, Freq. 9.150000e+08 :Title    
   Listing of mesh elements with poor quality. :ToolTip  
   hf3d :Author   
   1739927967 :TimeStamp
FlagFileMetaData End
BEGIN_ERR 
26 Small mesh segment detected on body : Sub1
 Small mesh segment detected on body : Sub1 
 Segment Statistics - Number of Segments : 1 --- Segment length(s) : 0.012207cm. The cutoff frequency for S-Matrix Only Solve is 1.49896229MHz 
2 -1  85  # nfids, fids[]
2 6  -1  # nbids, bids[]
      4 2 1 0 #ntets ntri ned npts
          -1.3306878400000000e+00   6.4671569999999998e-02   9.8779283639011606e-01 #xyz tv0
          -1.3010359715000002e+00   1.5175462649999982e-01   9.5135920609777958e-01 #xyz tv1
          -1.3306878400000000e+00   6.4671569999999998e-02   1.0000000000000000e+00 #xyz tv2
          -1.3945312500000004e+00   2.4609374999999975e-01   1.0000000000000000e+00 -1 6 #xyz tv3 fid bid
          -1.3306878400000000e+00   6.4671569999999998e-02   9.8779283639011606e-01 #xyz tv0
          -1.3306878400000000e+00   6.4671569999999998e-02   1.0000000000000000e+00 #xyz tv1
          -1.3010359715000002e+00   1.5175462649999982e-01   9.5135920609777958e-01 #xyz tv2
          -1.3039000000000001e+00   7.0000000000000007e-02   1.0000000000000000e+00 -1 6 #xyz tv3 fid bid
          -1.3306878400000000e+00   6.4671569999999998e-02   9.8779283639011606e-01 #xyz tv0
          -1.3306878400000000e+00   6.4671569999999998e-02   1.0000000000000000e+00 #xyz tv1
          -1.3533974700000000e+00   4.9497470000000002e-02   1.0000000000000000e+00 #xyz tv2
          -1.3945312500000004e+00   2.4609374999999975e-01   1.0000000000000000e+00 -1 6 #xyz tv3 fid bid
          -1.3306878400000000e+00   6.4671569999999998e-02   9.8779283639011606e-01 #xyz tv0
          -1.3533974700000000e+00   4.9497470000000002e-02   1.0000000000000000e+00 #xyz tv1
          -1.3306878400000000e+00   6.4671569999999998e-02   1.0000000000000000e+00 #xyz tv2
          -1.3039000000000001e+00   7.0000000000000007e-02   1.0000000000000000e+00 -1 6 #xyz tv3 fid bid
          -1.3306878400000000e+00   6.4671569999999998e-02   9.8779283639011606e-01 #xyz tv0
          -1.3039000000000001e+00   7.0000000000000007e-02   1.0000000000000000e+00 #xyz tv1
          -1.3306878400000000e+00   6.4671569999999998e-02   1.0000000000000000e+00 85 -1 #xyz tv2 fid bid
          -1.3306878400000000e+00   6.4671569999999998e-02   9.8779283639011606e-01 #xyz tv0
          -1.3306878400000000e+00   6.4671569999999998e-02   1.0000000000000000e+00 #xyz tv1
          -1.3533974700000000e+00   4.9497470000000002e-02   1.0000000000000000e+00 85 -1 #xyz tv2 fid bid
          -1.3306878400000000e+00   6.4671569999999998e-02   1.0000000000000000e+00 #xyz ev0
          -1.3306878400000000e+00   6.4671569999999998e-02   9.8779283639011606e-01 -1 6 #xyz ev1 fid bid
   0   0.000000000000e+00   0.000000000000e+00   0.000000000000e+00 #flag location
END_ERR 
G3dErrFileVersion 2018P3.1
FlagFileMetaData Begin
   Mesh Size - Setup1, Refinement, Pass #2, Freq. 9.150000e+08 :Title    
   Listing of mesh elements with poor quality. :ToolTip  
   hf3d :Author   
   1739927975 :TimeStamp
FlagFileMetaData End
BEGIN_ERR 
26 Small mesh segment detected on body : Sub1
 Small mesh segment detected on body : Sub1 
 Segment Statistics - Number of Segments : 1 --- Segment length(s) : 0.012207cm. The cutoff frequency for S-Matrix Only Solve is 1.49896229MHz 
2 -1  85  # nfids, fids[]
2 6  -1  # nbids, bids[]
      4 2 1 0 #ntets ntri ned npts
          -1.3306878400000000e+00   6.4671569999999998e-02   9.8779283639011606e-01 #xyz tv0
          -1.2876006415000001e+00   1.4923375024999985e-01   9.3875755914666903e-01 #xyz tv1
          -1.3306878400000000e+00   6.4671569999999998e-02   1.0000000000000000e+00 #xyz tv2
          -1.3945312500000004e+00   2.4609374999999975e-01   1.0000000000000000e+00 -1 6 #xyz tv3 fid bid
          -1.3306878400000000e+00   6.4671569999999998e-02   9.8779283639011606e-01 #xyz tv0
          -1.3306878400000000e+00   6.4671569999999998e-02   1.0000000000000000e+00 #xyz tv1
          -1.2876006415000001e+00   1.4923375024999985e-01   9.3875755914666903e-01 #xyz tv2
          -1.3039000000000001e+00   7.0000000000000007e-02   1.0000000000000000e+00 -1 6 #xyz tv3 fid bid
          -1.3306878400000000e+00   6.4671569999999998e-02   9.8779283639011606e-01 #xyz tv0
          -1.3306878400000000e+00   6.4671569999999998e-02   1.0000000000000000e+00 #xyz tv1
          -1.3533974700000000e+00   4.9497470000000002e-02   1.0000000000000000e+00 #xyz tv2
          -1.3945312500000004e+00   2.4609374999999975e-01   1.0000000000000000e+00 -1 6 #xyz tv3 fid bid
          -1.3306878400000000e+00   6.4671569999999998e-02   9.8779283639011606e-01 #xyz tv0
          -1.3533974700000000e+00   4.9497470000000002e-02   1.0000000000000000e+00 #xyz tv1
          -1.3306878400000000e+00   6.4671569999999998e-02   1.0000000000000000e+00 #xyz tv2
          -1.3039000000000001e+00   7.0000000000000007e-02   1.0000000000000000e+00 -1 6 #xyz tv3 fid bid
          -1.3306878400000000e+00   6.4671569999999998e-02   9.8779283639011606e-01 #xyz tv0
          -1.3039000000000001e+00   7.0000000000000007e-02   1.0000000000000000e+00 #xyz tv1
          -1.3306878400000000e+00   6.4671569999999998e-02   1.0000000000000000e+00 85 -1 #xyz tv2 fid bid
          -1.3306878400000000e+00   6.4671569999999998e-02   9.8779283639011606e-01 #xyz tv0
          -1.3306878400000000e+00   6.4671569999999998e-02   1.0000000000000000e+00 #xyz tv1
          -1.3533974700000000e+00   4.9497470000000002e-02   1.0000000000000000e+00 85 -1 #xyz tv2 fid bid
          -1.3306878400000000e+00   6.4671569999999998e-02   1.0000000000000000e+00 #xyz ev0
          -1.3306878400000000e+00   6.4671569999999998e-02   9.8779283639011606e-01 -1 6 #xyz ev1 fid bid
   0   0.000000000000e+00   0.000000000000e+00   0.000000000000e+00 #flag location
END_ERR 
G3dErrFileVersion 2018P3.1
FlagFileMetaData Begin
   Mesh Size - Setup1, Refinement, Pass #3, Freq. 9.150000e+08 :Title    
   Listing of mesh elements with poor quality. :ToolTip  
   hf3d :Author   
   1739927983 :TimeStamp
FlagFileMetaData End
BEGIN_ERR 
26 Small mesh segment detected on body : Sub1
 Small mesh segment detected on body : Sub1 
 Segment Statistics - Number of Segments : 1 --- Segment length(s) : 0.012207cm. The cutoff frequency for S-Matrix Only Solve is 1.49896229MHz 
2 -1  85  # nfids, fids[]
2 6  -1  # nbids, bids[]
      4 2 1 0 #ntets ntri ned npts
          -1.3306878400000000e+00   6.4671569999999998e-02   9.8779283639011606e-01 #xyz tv0
          -1.2876006415000001e+00   1.4923375024999985e-01   9.3875755914666903e-01 #xyz tv1
          -1.3306878400000000e+00   6.4671569999999998e-02   1.0000000000000000e+00 #xyz tv2
          -1.3945312500000004e+00   2.4609374999999975e-01   1.0000000000000000e+00 -1 6 #xyz tv3 fid bid
          -1.3306878400000000e+00   6.4671569999999998e-02   9.8779283639011606e-01 #xyz tv0
          -1.3306878400000000e+00   6.4671569999999998e-02   1.0000000000000000e+00 #xyz tv1
          -1.2876006415000001e+00   1.4923375024999985e-01   9.3875755914666903e-01 #xyz tv2
          -1.3039000000000001e+00   7.0000000000000007e-02   1.0000000000000000e+00 -1 6 #xyz tv3 fid bid
          -1.3306878400000000e+00   6.4671569999999998e-02   9.8779283639011606e-01 #xyz tv0
          -1.3306878400000000e+00   6.4671569999999998e-02   1.0000000000000000e+00 #xyz tv1
          -1.3533974700000000e+00   4.9497470000000002e-02   1.0000000000000000e+00 #xyz tv2
          -1.3945312500000004e+00   2.4609374999999975e-01   1.0000000000000000e+00 -1 6 #xyz tv3 fid bid
          -1.3306878400000000e+00   6.4671569999999998e-02   9.8779283639011606e-01 #xyz tv0
          -1.3533974700000000e+00   4.9497470000000002e-02   1.0000000000000000e+00 #xyz tv1
          -1.3306878400000000e+00   6.4671569999999998e-02   1.0000000000000000e+00 #xyz tv2
          -1.3039000000000001e+00   7.0000000000000007e-02   1.0000000000000000e+00 -1 6 #xyz tv3 fid bid
          -1.3306878400000000e+00   6.4671569999999998e-02   9.8779283639011606e-01 #xyz tv0
          -1.3039000000000001e+00   7.0000000000000007e-02   1.0000000000000000e+00 #xyz tv1
          -1.3306878400000000e+00   6.4671569999999998e-02   1.0000000000000000e+00 85 -1 #xyz tv2 fid bid
          -1.3306878400000000e+00   6.4671569999999998e-02   9.8779283639011606e-01 #xyz tv0
          -1.3306878400000000e+00   6.4671569999999998e-02   1.0000000000000000e+00 #xyz tv1
          -1.3533974700000000e+00   4.9497470000000002e-02   1.0000000000000000e+00 85 -1 #xyz tv2 fid bid
          -1.3306878400000000e+00   6.4671569999999998e-02   1.0000000000000000e+00 #xyz ev0
          -1.3306878400000000e+00   6.4671569999999998e-02   9.8779283639011606e-01 -1 6 #xyz ev1 fid bid
   0   0.000000000000e+00   0.000000000000e+00   0.000000000000e+00 #flag location
END_ERR 
G3dErrFileVersion 2018P3.1
FlagFileMetaData Begin
   Mesh Size - Setup1, Refinement, Pass #1, Freq. 9.150000e+08 :Title    
   Listing of mesh elements with poor quality. :ToolTip  
   hf3d :Author   
   1739929813 :TimeStamp
FlagFileMetaData End
BEGIN_ERR 
26 Small mesh segment detected on body : Coax
 Small mesh segment detected on body : Coax 
 Segment Statistics - Number of Segments : 1 --- Segment length(s) : 0.013656cm. The cutoff frequency for S-Matrix Only Solve is 1.49896229MHz 
2 -1  68  # nfids, fids[]
2 66  -1  # nbids, bids[]
      6 2 1 0 #ntets ntri ned npts
           5.3629200000000002e-03   1.1313708000000001e-01  -3.3593749999999944e-01 #xyz tv0
           6.9002530000000006e-02   4.9497470000000002e-02  -4.3776084029616463e-01 #xyz tv1
           4.8537539999999997e-02   8.8904325000000006e-02  -5.0000000000000000e-01 #xyz tv2
           3.7182725000000000e-02   8.1317275000000008e-02  -5.0000000000000000e-01 -1 66 #xyz tv3 fid bid
           5.3629200000000002e-03   1.1313708000000001e-01  -4.1796874999999978e-01 #xyz tv0
           4.8537539999999997e-02   8.8904325000000006e-02  -5.0000000000000000e-01 #xyz tv1
           3.7182725000000000e-02   8.1317275000000008e-02  -5.0000000000000000e-01 #xyz tv2
           5.3629200000000002e-03   1.1313708000000001e-01  -3.3593749999999944e-01 -1 66 #xyz tv3 fid bid
           6.9002530000000006e-02   4.9497470000000002e-02  -5.0000000000000000e-01 #xyz tv0
           4.8537539999999997e-02   8.8904325000000006e-02  -5.0000000000000000e-01 #xyz tv1
           6.9002530000000006e-02   4.9497470000000002e-02  -4.3776084029616463e-01 #xyz tv2
           3.7182725000000000e-02   8.1317275000000008e-02  -5.0000000000000000e-01 -1 66 #xyz tv3 fid bid
           5.3629200000000002e-03   1.1313708000000001e-01  -4.1796874999999978e-01 #xyz tv0
           3.7182725000000000e-02   8.1317275000000008e-02  -5.0000000000000000e-01 #xyz tv1
           4.8537539999999997e-02   8.8904325000000006e-02  -5.0000000000000000e-01 #xyz tv2
