G3dErrFileVersion 2018P3.1
FlagFileMetaData Begin
   Mesh Size - Setup1, Refinement, Pass #1, Freq. 9.150000e+08 :Title    
   Listing of mesh elements with poor quality. :ToolTip  
   hf3d :Author   
   1741465320 :TimeStamp
FlagFileMetaData End
BEGIN_ERR 
26 Small mesh segment detected on body : Cylinder1
 Small mesh segment detected on body : Cylinder1 
 Segment Statistics - Number of Segments : 1 --- Segment length(s) : 3.113993mm. The cutoff frequency for S-Matrix Only Solve is 710.780505859222kHz 
1 -1  # nfids, fids[]
1 6  # nbids, bids[]
      7 0 1 0 #ntets ntri ned npts
          -1.9440318364999996e+01  -9.7733080250000000e+01   1.7876120218624999e+02 #xyz tv0
          -1.8832808414999995e+01  -9.4678921494999983e+01   1.7876120218624999e+02 #xyz tv1
          -1.8832808414999995e+01  -9.4678921494999983e+01   1.3784665300609370e+02 #xyz tv2
           0.0000000000000000e+00  -9.8424999999999983e+01   1.5432240437249996e+02 -1 6 #xyz tv3 fid bid
           0.0000000000000000e+00  -9.8424999999999983e+01   1.7876120218624999e+02 #xyz tv0
          -1.8832808414999995e+01  -9.4678921494999983e+01   1.7876120218624999e+02 #xyz tv1
          -1.9440318364999996e+01  -9.7733080250000000e+01   1.7876120218624999e+02 #xyz tv2
           0.0000000000000000e+00  -9.8424999999999983e+01   1.5432240437249996e+02 -1 6 #xyz tv3 fid bid
          -1.9440318364999996e+01  -9.7733080250000000e+01   1.7876120218624999e+02 #xyz tv0
          -1.8832808414999995e+01  -9.4678921494999983e+01   1.3784665300609370e+02 #xyz tv1
          -1.8832808414999995e+01  -9.4678921494999983e+01   1.7876120218624999e+02 #xyz tv2
          -3.7665616829999991e+01  -9.0932842989999983e+01   1.4773210382593746e+02 -1 6 #xyz tv3 fid bid
          -3.7665616829999991e+01  -9.0932842989999983e+01   1.7546605191296874e+02 #xyz tv0
          -1.9440318364999996e+01  -9.7733080250000000e+01   1.7876120218624999e+02 #xyz tv1
          -1.8832808414999995e+01  -9.4678921494999983e+01   1.7876120218624999e+02 #xyz tv2
          -3.7665616829999991e+01  -9.0932842989999983e+01   1.4773210382593746e+02 -1 6 #xyz tv3 fid bid
           0.0000000000000000e+00  -9.8424999999999983e+01   1.7876120218624999e+02 #xyz tv0
          -1.9440318364999996e+01  -9.7733080250000000e+01   1.7876120218624999e+02 #xyz tv1
          -1.8832808414999995e+01  -9.4678921494999983e+01   1.7876120218624999e+02 #xyz tv2
           0.0000000000000000e+00  -9.8424999999999983e+01   2.0319999999999999e+02 -1 6 #xyz tv3 fid bid
          -3.7665616829999991e+01  -9.0932842989999983e+01   1.7546605191296874e+02 #xyz tv0
          -1.8832808414999995e+01  -9.4678921494999983e+01   1.7876120218624999e+02 #xyz tv1
          -1.9440318364999996e+01  -9.7733080250000000e+01   1.7876120218624999e+02 #xyz tv2
          -3.7665616829999991e+01  -9.0932842989999983e+01   2.0319999999999999e+02 -1 6 #xyz tv3 fid bid
          -1.8832808414999995e+01  -9.4678921494999983e+01   1.7876120218624999e+02 #xyz tv0
           0.0000000000000000e+00  -9.8424999999999983e+01   2.0319999999999999e+02 #xyz tv1
          -1.9440318364999996e+01  -9.7733080250000000e+01   1.7876120218624999e+02 #xyz tv2
          -3.7665616829999991e+01  -9.0932842989999983e+01   2.0319999999999999e+02 -1 6 #xyz tv3 fid bid
          -1.9440318364999996e+01  -9.7733080250000000e+01   1.7876120218624999e+02 #xyz ev0
          -1.8832808414999995e+01  -9.4678921494999983e+01   1.7876120218624999e+02 -1 6 #xyz ev1 fid bid
   0   0.000000000000e+00   0.000000000000e+00   0.000000000000e+00 #flag location
END_ERR 
G3dErrFileVersion 2018P3.1
FlagFileMetaData Begin
   Mesh Size - Setup1, Refinement, Pass #1, Freq. 9.150000e+08 :Title    
   Listing of mesh elements with poor quality. :ToolTip  
   hf3d :Author   
   1741466607 :TimeStamp
FlagFileMetaData End
BEGIN_ERR 
26 Small mesh segment detected on body : Box1
 Small mesh segment detected on body : Box1 
 Segment Statistics - Number of Segments : 1 --- Segment length(s) : 0.852945mm. The cutoff frequency for S-Matrix Only Solve is 710.780505859222kHz 
1 -1  # nfids, fids[]
1 56  # nbids, bids[]
      6 0 1 0 #ntets ntri ned npts
           9.9999999999999982e+00  -3.9021262616460497e+00   2.1814579989370031e+01 #xyz tv0
           9.1738467677140925e+00  -3.9633666066456947e+00   1.8592004204685338e+01 #xyz tv1
           9.9999999999999982e+00  -3.9896748784357388e+00   1.8802463319677656e+01 #xyz tv2
           9.9999999999999982e+00  -1.5148915421486950e+00   2.0079553927409506e+01 -1 56 #xyz tv3 fid bid
           9.9999999999999982e+00  -3.9021262616460497e+00   2.1814579989370031e+01 #xyz tv0
           9.9999999999999982e+00  -3.9896748784357388e+00   1.8802463319677656e+01 #xyz tv1
           9.1738467677140925e+00  -3.9633666066456947e+00   1.8592004204685338e+01 #xyz tv2
           9.9999999999999982e+00  -6.2499999999999991e+00   2.0434570312499996e+01 -1 56 #xyz tv3 fid bid
           9.9999999999999982e+00  -1.1850934359452547e+00   1.6992498104618388e+01 #xyz tv0
           9.9999999999999982e+00  -3.9896748784357388e+00   1.8802463319677656e+01 #xyz tv1
           9.1738467677140925e+00  -3.9633666066456947e+00   1.8592004204685338e+01 #xyz tv2
           9.9999999999999982e+00  -1.5148915421486950e+00   2.0079553927409506e+01 -1 56 #xyz tv3 fid bid
           9.9999999999999982e+00  -3.9896748784357388e+00   1.8802463319677656e+01 #xyz tv0
           9.1738467677140925e+00  -3.9633666066456947e+00   1.8592004204685338e+01 #xyz tv1
           9.9999999999999982e+00  -6.2499999999999991e+00   2.0434570312499996e+01 #xyz tv2
           9.9999999999999982e+00  -6.7269973725664718e+00   1.7720318370596281e+01 -1 56 #xyz tv3 fid bid
           9.9999999999999982e+00  -1.1850934359452547e+00   1.6992498104618388e+01 #xyz tv0
           9.1738467677140925e+00  -3.9633666066456947e+00   1.8592004204685338e+01 #xyz tv1
           9.9999999999999982e+00  -3.9896748784357388e+00   1.8802463319677656e+01 #xyz tv2
           9.9999999999999982e+00  -3.8068945293547163e+00   1.6029721092640820e+01 -1 56 #xyz tv3 fid bid
           9.9999999999999982e+00  -3.9896748784357388e+00   1.8802463319677656e+01 #xyz tv0
           9.9999999999999982e+00  -3.8068945293547163e+00   1.6029721092640820e+01 #xyz tv1
           9.1738467677140925e+00  -3.9633666066456947e+00   1.8592004204685338e+01 #xyz tv2
           9.9999999999999982e+00  -6.7269973725664718e+00   1.7720318370596281e+01 -1 56 #xyz tv3 fid bid
           9.9999999999999982e+00  -3.9896748784357388e+00   1.8802463319677656e+01 #xyz ev0
           9.1738467677140925e+00  -3.9633666066456947e+00   1.8592004204685338e+01 -1 56 #xyz ev1 fid bid
   0   0.000000000000e+00   0.000000000000e+00   0.000000000000e+00 #flag location
END_ERR 
G3dErrFileVersion 2018P3.1
FlagFileMetaData Begin
   Mesh Size - Setup1, Refinement, Pass #2, Freq. 9.150000e+08 :Title    
   Listing of mesh elements with poor quality. :ToolTip  
   hf3d :Author   
   1741466614 :TimeStamp
FlagFileMetaData End
BEGIN_ERR 
26 Small mesh segment detected on body : Box1
 Small mesh segment detected on body : Box1 
 Segment Statistics - Number of Segments : 1 --- Segment length(s) : 0.835523mm. The cutoff frequency for S-Matrix Only Solve is 710.780505859222kHz 
1 -1  # nfids, fids[]
1 56  # nbids, bids[]
      6 0 1 0 #ntets ntri ned npts
           9.9999999999999982e+00  -3.9021262616460497e+00   2.1814579989370031e+01 #xyz tv0
           9.1851624991071006e+00  -3.9842644910240579e+00   1.8617778173456067e+01 #xyz tv1
           9.9999999999999982e+00  -3.9896748784357388e+00   1.8802463319677656e+01 #xyz tv2
           9.9999999999999982e+00  -1.5148915421486950e+00   2.0079553927409506e+01 -1 56 #xyz tv3 fid bid
           9.9999999999999982e+00  -3.9021262616460497e+00   2.1814579989370031e+01 #xyz tv0
           9.9999999999999982e+00  -3.9896748784357388e+00   1.8802463319677656e+01 #xyz tv1
           9.1851624991071006e+00  -3.9842644910240579e+00   1.8617778173456067e+01 #xyz tv2
           9.9999999999999982e+00  -6.2499999999999991e+00   2.0434570312499996e+01 -1 56 #xyz tv3 fid bid
           9.9999999999999982e+00  -1.3645035257104565e+00   1.7048563198214225e+01 #xyz tv0
           9.9999999999999982e+00  -3.9896748784357388e+00   1.8802463319677656e+01 #xyz tv1
           9.1851624991071006e+00  -3.9842644910240579e+00   1.8617778173456067e+01 #xyz tv2
           9.9999999999999982e+00  -1.5148915421486950e+00   2.0079553927409506e+01 -1 56 #xyz tv3 fid bid
           9.9999999999999982e+00  -3.9896748784357388e+00   1.8802463319677656e+01 #xyz tv0
           9.1851624991071006e+00  -3.9842644910240579e+00   1.8617778173456067e+01 #xyz tv1
           9.9999999999999982e+00  -6.2499999999999991e+00   2.0434570312499996e+01 #xyz tv2
           9.9999999999999982e+00  -6.8623284217417932e+00   1.7717339790983722e+01 -1 56 #xyz tv3 fid bid
           9.9999999999999982e+00  -1.3645035257104565e+00   1.7048563198214225e+01 #xyz tv0
           9.1851624991071006e+00  -3.9842644910240579e+00   1.8617778173456067e+01 #xyz tv1
           9.9999999999999982e+00  -3.9896748784357388e+00   1.8802463319677656e+01 #xyz tv2
           9.9999999999999982e+00  -4.1163715812408075e+00   1.5994255093283417e+01 -1 56 #xyz tv3 fid bid
           9.9999999999999982e+00  -3.9896748784357388e+00   1.8802463319677656e+01 #xyz tv0
           9.9999999999999982e+00  -4.1163715812408075e+00   1.5994255093283417e+01 #xyz tv1
           9.1851624991071006e+00  -3.9842644910240579e+00   1.8617778173456067e+01 #xyz tv2
           9.9999999999999982e+00  -6.8623284217417932e+00   1.7717339790983722e+01 -1 56 #xyz tv3 fid bid
           9.9999999999999982e+00  -3.9896748784357388e+00   1.8802463319677656e+01 #xyz ev0
           9.1851624991071006e+00  -3.9842644910240579e+00   1.8617778173456067e+01 -1 56 #xyz ev1 fid bid
   0   0.000000000000e+00   0.000000000000e+00   0.000000000000e+00 #flag location
END_ERR 
BEGIN_ERR 
26 Small mesh segment detected on body : RadiatingSurface
 Small mesh segment detected on body : RadiatingSurface 
 Segment Statistics - Number of Segments : 1 --- Segment length(s) : 0.837953mm. The cutoff frequency for S-Matrix Only Solve is 710.780505859222kHz 
1 -1  # nfids, fids[]
1 28  # nbids, bids[]
      5 0 1 0 #ntets ntri ned npts
           1.4501454402808909e+00  -9.9999999999999982e+00   9.4400518103355342e+00 #xyz tv0
           1.6900130909983415e+00  -9.9999999999999982e+00   7.4159348421257736e+00 #xyz tv1
           1.2808396701198435e+00  -1.0815995098354467e+01   9.3525693622885235e+00 #xyz tv2
           3.1211869164086430e+00  -9.9999999999999982e+00   8.6768452805375951e+00 -1 28 #xyz tv3 fid bid
           1.4501454402808909e+00  -9.9999999999999982e+00   9.4400518103355342e+00 #xyz tv0
           1.2808396701198435e+00  -1.0815995098354467e+01   9.3525693622885235e+00 #xyz tv1
           1.6900130909983415e+00  -9.9999999999999982e+00   7.4159348421257736e+00 #xyz tv2
           6.8615505142589073e-02  -9.9999999999999982e+00   8.5433167621912620e+00 -1 28 #xyz tv3 fid bid
           1.4501454402808909e+00  -9.9999999999999982e+00   9.4400518103355342e+00 #xyz tv0
           3.1211869164086430e+00  -9.9999999999999982e+00   8.6768452805375951e+00 #xyz tv1
           1.2808396701198435e+00  -1.0815995098354467e+01   9.3525693622885235e+00 #xyz tv2
           2.5655797769145554e+00  -9.9999999999999982e+00   1.1216231535475142e+01 -1 28 #xyz tv3 fid bid
           1.4501454402808909e+00  -9.9999999999999982e+00   9.4400518103355342e+00 #xyz tv0
          -1.2088069562854112e-01  -9.9999999999999982e+00   1.0634951885300747e+01 #xyz tv1
           1.2808396701198435e+00  -1.0815995098354467e+01   9.3525693622885235e+00 #xyz tv2
           6.8615505142589073e-02  -9.9999999999999982e+00   8.5433167621912620e+00 -1 28 #xyz tv3 fid bid
           1.4501454402808909e+00  -9.9999999999999982e+00   9.4400518103355342e+00 #xyz tv0
           1.2808396701198435e+00  -1.0815995098354467e+01   9.3525693622885235e+00 #xyz tv1
          -1.2088069562854112e-01  -9.9999999999999982e+00   1.0634951885300747e+01 #xyz tv2
           2.5655797769145554e+00  -9.9999999999999982e+00   1.1216231535475142e+01 -1 28 #xyz tv3 fid bid
           1.4501454402808909e+00  -9.9999999999999982e+00   9.4400518103355342e+00 #xyz ev0
           1.2808396701198435e+00  -1.0815995098354467e+01   9.3525693622885235e+00 -1 28 #xyz ev1 fid bid
   0   0.000000000000e+00   0.000000000000e+00   0.000000000000e+00 #flag location
END_ERR 
G3dErrFileVersion 2018P3.1
FlagFileMetaData Begin
   Mesh Size - Setup1, Refinement, Pass #1, Freq. 9.150000e+08 :Title    
   Listing of mesh elements with poor quality. :ToolTip  
   hf3d :Author   
   1741655307 :TimeStamp
FlagFileMetaData End
BEGIN_ERR 
26 Small mesh segment detected on body : Coax
 Small mesh segment detected on body : Coax 
 Segment Statistics - Number of Segments : 1 --- Segment length(s) : 0.136563mm. The cutoff frequency for S-Matrix Only Solve is 749.481145kHz 
2 -1  225  # nfids, fids[]
2 223  -1  # nbids, bids[]
      5 2 1 0 #ntets ntri ned npts
           5.3420000000000002e+01   1.0624614600000000e+00   1.3664380765000001e+01 #xyz tv0
           5.4112811969168007e+01   1.4782072500000001e+00   1.3492173220000000e+01 #xyz tv1
           5.3420000000000002e+01   8.9455181249999993e-01   1.3951393337500001e+01 #xyz tv2
           5.3420000000000002e+01   1.0891036249999999e+00   1.3798319964999999e+01 -1 223 #xyz tv3 fid bid
           5.3766405984584004e+01   1.4782072500000001e+00   1.3492173220000000e+01 #xyz tv0
           5.3420000000000002e+01   1.0624614600000000e+00   1.3664380765000001e+01 #xyz tv1
           5.3420000000000002e+01   1.0891036249999999e+00   1.3798319964999999e+01 #xyz tv2
           5.4112811969168007e+01   1.4782072500000001e+00   1.3492173220000000e+01 -1 223 #xyz tv3 fid bid
           5.1898486004242585e+01  -3.5969094830251014e-02   1.4269565870046060e+01 #xyz tv0
           5.3420000000000002e+01   1.0624614600000000e+00   1.3664380765000001e+01 #xyz tv1
           5.3420000000000002e+01   8.9455181249999993e-01   1.3951393337500001e+01 #xyz tv2
           5.3420000000000002e+01   1.0891036249999999e+00   1.3798319964999999e+01 -1 223 #xyz tv3 fid bid
           5.3766405984584004e+01   1.4782072500000001e+00   1.3492173220000000e+01 #xyz tv0
           5.3420000000000002e+01   1.0891036249999999e+00   1.3798319964999999e+01 #xyz tv1
           5.3420000000000002e+01   1.0624614600000000e+00   1.3664380765000001e+01 #xyz tv2
           5.3420000000000002e+01   1.4782072500000001e+00   1.3492173220000000e+01 -1 223 #xyz tv3 fid bid
           5.3420000000000002e+01   1.4782072500000001e+00   1.3492173220000000e+01 #xyz tv0
           5.1898486004242585e+01  -3.5969094830251014e-02   1.4269565870046060e+01 #xyz tv1
           5.3420000000000002e+01   1.0891036249999999e+00   1.3798319964999999e+01 #xyz tv2
           5.3420000000000002e+01   1.0624614600000000e+00   1.3664380765000001e+01 -1 223 #xyz tv3 fid bid
           5.3420000000000002e+01   1.4782072500000001e+00   1.3492173220000000e+01 #xyz tv0
           5.3420000000000002e+01   1.0891036249999999e+00   1.3798319964999999e+01 #xyz tv1
           5.3420000000000002e+01   1.0624614600000000e+00   1.3664380765000001e+01 225 -1 #xyz tv2 fid bid
           5.3420000000000002e+01   8.9455181249999993e-01   1.3951393337500001e+01 #xyz tv0
           5.3420000000000002e+01   1.0624614600000000e+00   1.3664380765000001e+01 #xyz tv1
           5.3420000000000002e+01   1.0891036249999999e+00   1.3798319964999999e+01 225 -1 #xyz tv2 fid bid
           5.3420000000000002e+01   1.0891036249999999e+00   1.3798319964999999e+01 #xyz ev0
           5.3420000000000002e+01   1.0624614600000000e+00   1.3664380765000001e+01 -1 223 #xyz ev1 fid bid
   0   0.000000000000e+00   0.000000000000e+00   0.000000000000e+00 #flag location
END_ERR 
G3dErrFileVersion 2018P3.1
FlagFileMetaData Begin
   Mesh Size - Setup1, Refinement, Pass #2, Freq. 9.150000e+08 :Title    
   Listing of mesh elements with poor quality. :ToolTip  
   hf3d :Author   
   1741655310 :TimeStamp
FlagFileMetaData End
BEGIN_ERR 
26 Small mesh segment detected on body : Coax
 Small mesh segment detected on body : Coax 
 Segment Statistics - Number of Segments : 1 --- Segment length(s) : 0.205299mm. The cutoff frequency for S-Matrix Only Solve is 749.481145kHz 
2 -1  225  # nfids, fids[]
2 223  -1  # nbids, bids[]
      5 2 1 0 #ntets ntri ned npts
           5.3420000000000002e+01   9.3432815668209868e-01   1.3663441356177985e+01 #xyz tv0
           5.4112811969168007e+01   1.4782072500000001e+00   1.3492173220000000e+01 #xyz tv1
           5.3420000000000002e+01   8.9455181249999993e-01   1.3951393337500001e+01 #xyz tv2
           5.3420000000000002e+01   1.0891036249999999e+00   1.3798319964999999e+01 -1 223 #xyz tv3 fid bid
           5.3766405984584004e+01   1.4782072500000001e+00   1.3492173220000000e+01 #xyz tv0
           5.3420000000000002e+01   9.3432815668209868e-01   1.3663441356177985e+01 #xyz tv1
           5.3420000000000002e+01   1.0891036249999999e+00   1.3798319964999999e+01 #xyz tv2
           5.4112811969168007e+01   1.4782072500000001e+00   1.3492173220000000e+01 -1 223 #xyz tv3 fid bid
           5.1898486004242585e+01  -3.5969094830251014e-02   1.4269565870046060e+01 #xyz tv0
           5.3420000000000002e+01   9.3432815668209868e-01   1.3663441356177985e+01 #xyz tv1
           5.3420000000000002e+01   8.9455181249999993e-01   1.3951393337500001e+01 #xyz tv2
           5.3420000000000002e+01   1.0891036249999999e+00   1.3798319964999999e+01 -1 223 #xyz tv3 fid bid
           5.3766405984584004e+01   1.4782072500000001e+00   1.3492173220000000e+01 #xyz tv0
           5.3420000000000002e+01   1.0891036249999999e+00   1.3798319964999999e+01 #xyz tv1
           5.3420000000000002e+01   9.3432815668209868e-01   1.3663441356177985e+01 #xyz tv2
           5.3420000000000002e+01   1.4782072500000001e+00   1.3492173220000000e+01 -1 223 #xyz tv3 fid bid
           5.3420000000000002e+01   1.4782072500000001e+00   1.3492173220000000e+01 #xyz tv0
           5.1898486004242585e+01  -3.5969094830251014e-02   1.4269565870046060e+01 #xyz tv1
           5.3420000000000002e+01   1.0891036249999999e+00   1.3798319964999999e+01 #xyz tv2
           5.3420000000000002e+01   9.3432815668209868e-01   1.3663441356177985e+01 -1 223 #xyz tv3 fid bid
           5.3420000000000002e+01   1.4782072500000001e+00   1.3492173220000000e+01 #xyz tv0
           5.3420000000000002e+01   1.0891036249999999e+00   1.3798319964999999e+01 #xyz tv1
           5.3420000000000002e+01   9.3432815668209868e-01   1.3663441356177985e+01 225 -1 #xyz tv2 fid bid
           5.3420000000000002e+01   8.9455181249999993e-01   1.3951393337500001e+01 #xyz tv0
           5.3420000000000002e+01   9.3432815668209868e-01   1.3663441356177985e+01 #xyz tv1
           5.3420000000000002e+01   1.0891036249999999e+00   1.3798319964999999e+01 225 -1 #xyz tv2 fid bid
           5.3420000000000002e+01   1.0891036249999999e+00   1.3798319964999999e+01 #xyz ev0
           5.3420000000000002e+01   9.3432815668209868e-01   1.3663441356177985e+01 -1 223 #xyz ev1 fid bid
   0   0.000000000000e+00   0.000000000000e+00   0.000000000000e+00 #flag location
END_ERR 
G3dErrFileVersion 2018P3.1
FlagFileMetaData Begin
   Mesh Size - Setup1, Refinement, Pass #3, Freq. 9.150000e+08 :Title    
   Listing of mesh elements with poor quality. :ToolTip  
   hf3d :Author   
   1741655314 :TimeStamp
FlagFileMetaData End
BEGIN_ERR 
26 Small mesh segment detected on body : Coax
 Small mesh segment detected on body : Coax 
 Segment Statistics - Number of Segments : 1 --- Segment length(s) : 0.216381mm. The cutoff frequency for S-Matrix Only Solve is 749.481145kHz 
2 -1  225  # nfids, fids[]
2 223  -1  # nbids, bids[]
      5 2 1 0 #ntets ntri ned npts
           5.4148153940000007e+01   6.4671566999999996e-01   1.4372345110000001e+01 #xyz tv0
           5.3420000000000002e+01   5.5251574496938693e-01   1.4808031515670528e+01 #xyz tv1
           5.4922241334889002e+01   4.9497475000000007e-01   1.4599441460000001e+01 #xyz tv2
           5.3420000000000002e+01   4.9497475000000007e-01   1.4599441460000001e+01 -1 223 #xyz tv3 fid bid
           5.3420000000000002e+01   5.5251574496938693e-01   1.4808031515670528e+01 #xyz tv0
           5.3420000000000002e+01   2.6787840000000002e-01   1.4751182379999999e+01 #xyz tv1
           5.4922241334889002e+01   4.9497475000000007e-01   1.4599441460000001e+01 #xyz tv2
           5.3420000000000002e+01   4.9497475000000007e-01   1.4599441460000001e+01 -1 223 #xyz tv3 fid bid
           5.3420000000000002e+01   5.5251574496938693e-01   1.4808031515670528e+01 #xyz tv0
           5.1898486004242585e+01  -3.5969094830251014e-02   1.4269565870046060e+01 #xyz tv1
           5.3420000000000002e+01   2.6787840000000002e-01   1.4751182379999999e+01 #xyz tv2
           5.3420000000000002e+01   4.9497475000000007e-01   1.4599441460000001e+01 -1 223 #xyz tv3 fid bid
           5.4148153940000007e+01   6.4671566999999996e-01   1.4372345110000001e+01 #xyz tv0
           5.3420000000000002e+01   7.6879459317877075e-01   1.4587054414327854e+01 #xyz tv1
           5.3420000000000002e+01   5.5251574496938693e-01   1.4808031515670528e+01 #xyz tv2
           5.3420000000000002e+01   4.9497475000000007e-01   1.4599441460000001e+01 -1 223 #xyz tv3 fid bid
           5.3420000000000002e+01   5.5251574496938693e-01   1.4808031515670528e+01 #xyz tv0
           5.3420000000000002e+01   7.6879459317877075e-01   1.4587054414327854e+01 #xyz tv1
           5.1898486004242585e+01  -3.5969094830251014e-02   1.4269565870046060e+01 #xyz tv2
           5.3420000000000002e+01   4.9497475000000007e-01   1.4599441460000001e+01 -1 223 #xyz tv3 fid bid
           5.3420000000000002e+01   5.5251574496938693e-01   1.4808031515670528e+01 #xyz tv0
           5.3420000000000002e+01   2.6787840000000002e-01   1.4751182379999999e+01 #xyz tv1
           5.3420000000000002e+01   4.9497475000000007e-01   1.4599441460000001e+01 225 -1 #xyz tv2 fid bid
           5.3420000000000002e+01   7.6879459317877075e-01   1.4587054414327854e+01 #xyz tv0
           5.3420000000000002e+01   5.5251574496938693e-01   1.4808031515670528e+01 #xyz tv1
           5.3420000000000002e+01   4.9497475000000007e-01   1.4599441460000001e+01 225 -1 #xyz tv2 fid bid
           5.3420000000000002e+01   4.9497475000000007e-01   1.4599441460000001e+01 #xyz ev0
           5.3420000000000002e+01   5.5251574496938693e-01   1.4808031515670528e+01 -1 223 #xyz ev1 fid bid
   0   0.000000000000e+00   0.000000000000e+00   0.000000000000e+00 #flag location
END_ERR 
G3dErrFileVersion 2018P3.1
FlagFileMetaData Begin
   Mesh Size - Setup1, Refinement, Pass #3, Freq. 9.150000e+08 :Title    
   Listing of mesh elements with poor quality. :ToolTip  
   hf3d :Author   
   1741655801 :TimeStamp
FlagFileMetaData End
BEGIN_ERR 
26 Small mesh segment detected on body : Coax
 Small mesh segment detected on body : Coax 
 Segment Statistics - Number of Segments : 1 --- Segment length(s) : 0.216381mm. The cutoff frequency for S-Matrix Only Solve is 749.481145kHz 
2 -1  225  # nfids, fids[]
2 223  -1  # nbids, bids[]
      5 2 1 0 #ntets ntri ned npts
           5.4148153940000007e+01   6.4671566999999996e-01   1.4372345110000001e+01 #xyz tv0
           5.3420000000000002e+01   5.5251574496938693e-01   1.4808031515670528e+01 #xyz tv1
           5.4922241334889002e+01   4.9497475000000007e-01   1.4599441460000001e+01 #xyz tv2
           5.3420000000000002e+01   4.9497475000000007e-01   1.4599441460000001e+01 -1 223 #xyz tv3 fid bid
           5.3420000000000002e+01   5.5251574496938693e-01   1.4808031515670528e+01 #xyz tv0
           5.3420000000000002e+01   2.6787840000000002e-01   1.4751182379999999e+01 #xyz tv1
           5.4922241334889002e+01   4.9497475000000007e-01   1.4599441460000001e+01 #xyz tv2
           5.3420000000000002e+01   4.9497475000000007e-01   1.4599441460000001e+01 -1 223 #xyz tv3 fid bid
           5.3420000000000002e+01   5.5251574496938693e-01   1.4808031515670528e+01 #xyz tv0
           5.1898486004242585e+01  -3.5969094830251014e-02   1.4269565870046060e+01 #xyz tv1
           5.3420000000000002e+01   2.6787840000000002e-01   1.4751182379999999e+01 #xyz tv2
           5.3420000000000002e+01   4.9497475000000007e-01   1.4599441460000001e+01 -1 223 #xyz tv3 fid bid
           5.4148153940000007e+01   6.4671566999999996e-01   1.4372345110000001e+01 #xyz tv0
           5.3420000000000002e+01   7.6879459317877075e-01   1.4587054414327854e+01 #xyz tv1
           5.3420000000000002e+01   5.5251574496938693e-01   1.4808031515670528e+01 #xyz tv2
           5.3420000000000002e+01   4.9497475000000007e-01   1.4599441460000001e+01 -1 223 #xyz tv3 fid bid
           5.3420000000000002e+01   5.5251574496938693e-01   1.4808031515670528e+01 #xyz tv0
           5.3420000000000002e+01   7.6879459317877075e-01   1.4587054414327854e+01 #xyz tv1
           5.1898486004242585e+01  -3.5969094830251014e-02   1.4269565870046060e+01 #xyz tv2
           5.3420000000000002e+01   4.9497475000000007e-01   1.4599441460000001e+01 -1 223 #xyz tv3 fid bid
           5.3420000000000002e+01   5.5251574496938693e-01   1.4808031515670528e+01 #xyz tv0
           5.3420000000000002e+01   2.6787840000000002e-01   1.4751182379999999e+01 #xyz tv1
           5.3420000000000002e+01   4.9497475000000007e-01   1.4599441460000001e+01 225 -1 #xyz tv2 fid bid
           5.3420000000000002e+01   7.6879459317877075e-01   1.4587054414327854e+01 #xyz tv0
           5.3420000000000002e+01   5.5251574496938693e-01   1.4808031515670528e+01 #xyz tv1
           5.3420000000000002e+01   4.9497475000000007e-01   1.4599441460000001e+01 225 -1 #xyz tv2 fid bid
           5.3420000000000002e+01   4.9497475000000007e-01   1.4599441460000001e+01 #xyz ev0
           5.3420000000000002e+01   5.5251574496938693e-01   1.4808031515670528e+01 -1 223 #xyz ev1 fid bid
   0   0.000000000000e+00   0.000000000000e+00   0.000000000000e+00 #flag location
END_ERR 
G3dErrFileVersion 2018P3.1
FlagFileMetaData Begin
   Mesh Size - Setup1, Refinement, Pass #4, Freq. 9.150000e+08 :Title    
   Listing of mesh elements with poor quality. :ToolTip  
   hf3d :Author   
   1741655804 :TimeStamp
FlagFileMetaData End
BEGIN_ERR 
26 Small mesh segment detected on body : Coax
 Small mesh segment detected on body : Coax 
 Segment Statistics - Number of Segments : 1 --- Segment length(s) : 0.214839mm. The cutoff frequency for S-Matrix Only Solve is 749.481145kHz 
2 -1  225  # nfids, fids[]
2 223  -1  # nbids, bids[]
      5 2 1 0 #ntets ntri ned npts
           5.4148153940000007e+01   6.4671566999999996e-01   1.4372345110000001e+01 #xyz tv0
           5.3420000000000002e+01   5.5524496357063802e-01   1.4805652874573601e+01 #xyz tv1
           5.4922241334889002e+01   4.9497475000000007e-01   1.4599441460000001e+01 #xyz tv2
           5.3420000000000002e+01   4.9497475000000007e-01   1.4599441460000001e+01 -1 223 #xyz tv3 fid bid
           5.3420000000000002e+01   5.5524496357063802e-01   1.4805652874573601e+01 #xyz tv0
           5.3420000000000002e+01   2.6787840000000002e-01   1.4751182379999999e+01 #xyz tv1
           5.4922241334889002e+01   4.9497475000000007e-01   1.4599441460000001e+01 #xyz tv2
           5.3420000000000002e+01   4.9497475000000007e-01   1.4599441460000001e+01 -1 223 #xyz tv3 fid bid
           5.3420000000000002e+01   5.5524496357063802e-01   1.4805652874573601e+01 #xyz tv0
           5.1898486004242585e+01  -3.5969094830251014e-02   1.4269565870046060e+01 #xyz tv1
           5.3420000000000002e+01   2.6787840000000002e-01   1.4751182379999999e+01 #xyz tv2
           5.3420000000000002e+01   4.9497475000000007e-01   1.4599441460000001e+01 -1 223 #xyz tv3 fid bid
           5.4148153940000007e+01   6.4671566999999996e-01   1.4372345110000001e+01 #xyz tv0
           5.3420000000000002e+01   7.6879459317877086e-01   1.4587054414327854e+01 #xyz tv1
           5.3420000000000002e+01   5.5524496357063802e-01   1.4805652874573601e+01 #xyz tv2
           5.3420000000000002e+01   4.9497475000000007e-01   1.4599441460000001e+01 -1 223 #xyz tv3 fid bid
           5.3420000000000002e+01   5.5524496357063802e-01   1.4805652874573601e+01 #xyz tv0
           5.3420000000000002e+01   7.6879459317877086e-01   1.4587054414327854e+01 #xyz tv1
           5.1898486004242585e+01  -3.5969094830251014e-02   1.4269565870046060e+01 #xyz tv2
           5.3420000000000002e+01   4.9497475000000007e-01   1.4599441460000001e+01 -1 223 #xyz tv3 fid bid
           5.3420000000000002e+01   5.5524496357063802e-01   1.4805652874573601e+01 #xyz tv0
           5.3420000000000002e+01   2.6787840000000002e-01   1.4751182379999999e+01 #xyz tv1
           5.3420000000000002e+01   4.9497475000000007e-01   1.4599441460000001e+01 225 -1 #xyz tv2 fid bid
           5.3420000000000002e+01   7.6879459317877086e-01   1.4587054414327854e+01 #xyz tv0
           5.3420000000000002e+01   5.5524496357063802e-01   1.4805652874573601e+01 #xyz tv1
           5.3420000000000002e+01   4.9497475000000007e-01   1.4599441460000001e+01 225 -1 #xyz tv2 fid bid
           5.3420000000000002e+01   4.9497475000000007e-01   1.4599441460000001e+01 #xyz ev0
           5.3420000000000002e+01   5.5524496357063802e-01   1.4805652874573601e+01 -1 223 #xyz ev1 fid bid
   0   0.000000000000e+00   0.000000000000e+00   0.000000000000e+00 #flag location
END_ERR 
G3dErrFileVersion 2018P3.1
FlagFileMetaData Begin
   Mesh Size - Setup1, Refinement, Pass #1, Freq. 9.150000e+08 :Title    
   Listing of mesh elements with poor quality. :ToolTip  
   hf3d :Author   
   1741655930 :TimeStamp
FlagFileMetaData End
BEGIN_ERR 
26 Small mesh segment detected on body : CoaxPin
 Small mesh segment detected on body : CoaxPin 
 Segment Statistics - Number of Segments : 1 --- Segment length(s) : 0.006386mm. The cutoff frequency for S-Matrix Only Solve is 749.481145kHz 
5 -1  171  226  233  239  # nfids, fids[]
2 230  -1  # nbids, bids[]
      11 8 1 0 #ntets ntri ned npts
           5.7207106694734868e+01  -4.9497475000000007e-01   1.3609491960000000e+01 #xyz tv0
           5.7543773152000014e+01   2.6787840000000002e-01   1.4751182379999999e+01 #xyz tv1
           5.8420000000000002e+01   1.7786787387358424e-03   1.4244739566979126e+01 #xyz tv2
           5.8423153940000020e+01   1.0408340855860843e-15   1.4249999999999991e+01 -1 230 #xyz tv3 fid bid
           5.8420000000000002e+01   1.7786787387358424e-03   1.4244739566979126e+01 #xyz tv0
           5.8420000000000002e+01   2.6787840000000002e-01   1.4751182379999999e+01 #xyz tv1
           5.8423153940000020e+01   1.0408340855860843e-15   1.4249999999999991e+01 #xyz tv2
           5.7543773152000014e+01   2.6787840000000002e-01   1.4751182379999999e+01 -1 230 #xyz tv3 fid bid
           5.8420000000000002e+01  -4.9497475000000007e-01   1.3609491960000000e+01 #xyz tv0
           5.7207106694734868e+01  -4.9497475000000007e-01   1.3609491960000000e+01 #xyz tv1
           5.8420000000000002e+01   1.7786787387358424e-03   1.4244739566979126e+01 #xyz tv2
           5.8423153940000020e+01   1.0408340855860843e-15   1.4249999999999991e+01 -1 230 #xyz tv3 fid bid
           5.8420000000000002e+01   1.7786787387358424e-03   1.4244739566979126e+01 #xyz tv0
           5.8420000000000002e+01   4.9497475000000007e-01   1.4599441460000001e+01 #xyz tv1
           5.8423153940000020e+01   1.0408340855860843e-15   1.4249999999999991e+01 #xyz tv2
           5.8420000000000002e+01   2.6787840000000002e-01   1.4751182379999999e+01 -1 230 #xyz tv3 fid bid
           5.8420000000000002e+01  -4.9497475000000007e-01   1.3609491960000000e+01 #xyz tv0
           5.8423153940000020e+01   1.0408340855860843e-15   1.4249999999999991e+01 #xyz tv1
           5.8420000000000002e+01   1.7786787387358424e-03   1.4244739566979126e+01 #xyz tv2
           5.8420000000000002e+01   0.0000000000000000e+00   1.3404466709999999e+01 -1 230 #xyz tv3 fid bid
           5.8420000000000002e+01   1.7786787387358424e-03   1.4244739566979126e+01 #xyz tv0
           5.8420000000000002e+01   6.4671566999999996e-01   1.4372345110000001e+01 #xyz tv1
           5.8423153940000020e+01   1.0408340855860843e-15   1.4249999999999991e+01 #xyz tv2
           5.8420000000000002e+01   4.9497475000000007e-01   1.4599441460000001e+01 -1 230 #xyz tv3 fid bid
           5.8420000000000002e+01   1.7786787387358424e-03   1.4244739566979126e+01 #xyz tv0
           5.8420000000000002e+01   2.6787840000000002e-01   1.3457751039999998e+01 #xyz tv1
           5.8420000000000002e+01   0.0000000000000000e+00   1.3404466709999999e+01 #xyz tv2
           5.8423153940000020e+01   1.0408340855860843e-15   1.4249999999999991e+01 -1 230 #xyz tv3 fid bid
           5.8420000000000002e+01   1.7786787387358424e-03   1.4244739566979126e+01 #xyz tv0
           5.8420000000000002e+01   6.4671566999999996e-01   1.4372345110000001e+01 #xyz tv1
           5.8420000000000002e+01   6.9999999999999996e-01   1.4104466710000002e+01 #xyz tv2
           5.8423153940000020e+01   1.0408340855860843e-15   1.4249999999999991e+01 -1 230 #xyz tv3 fid bid
           5.8420000000000002e+01   1.7786787387358424e-03   1.4244739566979126e+01 #xyz tv0
           5.8420000000000002e+01   6.4671566999999996e-01   1.3836588310000000e+01 #xyz tv1
           5.8423153940000020e+01   1.0408340855860843e-15   1.4249999999999991e+01 #xyz tv2
           5.8420000000000002e+01   6.9999999999999996e-01   1.4104466710000002e+01 -1 230 #xyz tv3 fid bid
           5.8420000000000002e+01   1.7786787387358424e-03   1.4244739566979126e+01 #xyz tv0
           5.8420000000000002e+01   4.9497475000000007e-01   1.3609491960000000e+01 #xyz tv1
           5.8420000000000002e+01   2.6787840000000002e-01   1.3457751039999998e+01 #xyz tv2
           5.8423153940000020e+01   1.0408340855860843e-15   1.4249999999999991e+01 -1 230 #xyz tv3 fid bid
           5.8420000000000002e+01   1.7786787387358424e-03   1.4244739566979126e+01 #xyz tv0
           5.8420000000000002e+01   4.9497475000000007e-01   1.3609491960000000e+01 #xyz tv1
           5.8423153940000020e+01   1.0408340855860843e-15   1.4249999999999991e+01 #xyz tv2
           5.8420000000000002e+01   6.4671566999999996e-01   1.3836588310000000e+01 -1 230 #xyz tv3 fid bid
           5.8423153940000020e+01   1.0408340855860843e-15   1.4249999999999991e+01 #xyz tv0
           5.8420000000000002e+01   1.7786787387358424e-03   1.4244739566979126e+01 #xyz tv1
           5.8420000000000002e+01   2.6787840000000002e-01   1.4751182379999999e+01 171 -1 #xyz tv2 fid bid
           5.8423153940000020e+01   1.0408340855860843e-15   1.4249999999999991e+01 #xyz tv0
           5.8420000000000002e+01   1.7786787387358424e-03   1.4244739566979126e+01 #xyz tv1
           5.8420000000000002e+01   2.6787840000000002e-01   1.4751182379999999e+01 226 -1 #xyz tv2 fid bid
           5.8423153940000020e+01   1.0408340855860843e-15   1.4249999999999991e+01 #xyz tv0
           5.8420000000000002e+01   1.7786787387358424e-03   1.4244739566979126e+01 #xyz tv1
           5.8420000000000002e+01   2.6787840000000002e-01   1.4751182379999999e+01 233 -1 #xyz tv2 fid bid
           5.8423153940000020e+01   1.0408340855860843e-15   1.4249999999999991e+01 #xyz tv0
           5.8420000000000002e+01   1.7786787387358424e-03   1.4244739566979126e+01 #xyz tv1
           5.8420000000000002e+01   2.6787840000000002e-01   1.4751182379999999e+01 239 -1 #xyz tv2 fid bid
           5.8420000000000002e+01   0.0000000000000000e+00   1.3404466709999999e+01 #xyz tv0
           5.8420000000000002e+01   1.7786787387358424e-03   1.4244739566979126e+01 #xyz tv1
           5.8423153940000020e+01   1.0408340855860843e-15   1.4249999999999991e+01 171 -1 #xyz tv2 fid bid
           5.8420000000000002e+01   0.0000000000000000e+00   1.3404466709999999e+01 #xyz tv0
           5.8420000000000002e+01   1.7786787387358424e-03   1.4244739566979126e+01 #xyz tv1
           5.8423153940000020e+01   1.0408340855860843e-15   1.4249999999999991e+01 226 -1 #xyz tv2 fid bid
           5.8420000000000002e+01   0.0000000000000000e+00   1.3404466709999999e+01 #xyz tv0
           5.8420000000000002e+01   1.7786787387358424e-03   1.4244739566979126e+01 #xyz tv1
           5.8423153940000020e+01   1.0408340855860843e-15   1.4249999999999991e+01 233 -1 #xyz tv2 fid bid
           5.8420000000000002e+01   0.0000000000000000e+00   1.3404466709999999e+01 #xyz tv0
           5.8420000000000002e+01   1.7786787387358424e-03   1.4244739566979126e+01 #xyz tv1
           5.8423153940000020e+01   1.0408340855860843e-15   1.4249999999999991e+01 239 -1 #xyz tv2 fid bid
           5.8423153940000020e+01   1.0408340855860843e-15   1.4249999999999991e+01 #xyz ev0
           5.8420000000000002e+01   1.7786787387358424e-03   1.4244739566979126e+01 -1 230 #xyz ev1 fid bid
   0   0.000000000000e+00   0.000000000000e+00   0.000000000000e+00 #flag location
END_ERR 
G3dErrFileVersion 2018P3.1
FlagFileMetaData Begin
   Mesh Size - Setup1, Refinement, Pass #2, Freq. 9.150000e+08 :Title    
   Listing of mesh elements with poor quality. :ToolTip  
   hf3d :Author   
   1741655933 :TimeStamp
FlagFileMetaData End
BEGIN_ERR 
26 Small mesh segment detected on body : CoaxPin
 Small mesh segment detected on body : CoaxPin 
 Segment Statistics - Number of Segments : 1 --- Segment length(s) : 0.006386mm. The cutoff frequency for S-Matrix Only Solve is 749.481145kHz 
5 -1  171  226  233  239  # nfids, fids[]
2 230  -1  # nbids, bids[]
      11 8 1 0 #ntets ntri ned npts
           5.7207106694734868e+01  -4.9497475000000007e-01   1.3609491960000000e+01 #xyz tv0
           5.7543773152000014e+01   2.6787840000000002e-01   1.4751182379999999e+01 #xyz tv1
           5.8420000000000002e+01   1.7786787387358426e-03   1.4244739566979126e+01 #xyz tv2
           5.8423153940000020e+01   1.0408340855860843e-15   1.4249999999999991e+01 -1 230 #xyz tv3 fid bid
           5.8420000000000002e+01   1.7786787387358426e-03   1.4244739566979126e+01 #xyz tv0
           5.8420000000000002e+01   2.6787840000000002e-01   1.4751182379999999e+01 #xyz tv1
           5.8423153940000020e+01   1.0408340855860843e-15   1.4249999999999991e+01 #xyz tv2
           5.7543773152000014e+01   2.6787840000000002e-01   1.4751182379999999e+01 -1 230 #xyz tv3 fid bid
           5.8420000000000002e+01  -4.9497475000000007e-01   1.3609491960000000e+01 #xyz tv0
           5.7207106694734868e+01  -4.9497475000000007e-01   1.3609491960000000e+01 #xyz tv1
           5.8420000000000002e+01   1.7786787387358426e-03   1.4244739566979126e+01 #xyz tv2
           5.8423153940000020e+01   1.0408340855860843e-15   1.4249999999999991e+01 -1 230 #xyz tv3 fid bid
           5.8420000000000002e+01   1.7786787387358426e-03   1.4244739566979126e+01 #xyz tv0
           5.8420000000000002e+01   4.9497475000000007e-01   1.4599441460000001e+01 #xyz tv1
           5.8423153940000020e+01   1.0408340855860843e-15   1.4249999999999991e+01 #xyz tv2
           5.8420000000000002e+01   2.6787840000000002e-01   1.4751182379999999e+01 -1 230 #xyz tv3 fid bid
           5.8420000000000002e+01  -4.9497475000000007e-01   1.3609491960000000e+01 #xyz tv0
           5.8423153940000020e+01   1.0408340855860843e-15   1.4249999999999991e+01 #xyz tv1
           5.8420000000000002e+01   1.7786787387358426e-03   1.4244739566979126e+01 #xyz tv2
           5.8420000000000002e+01   0.0000000000000000e+00   1.3404466709999999e+01 -1 230 #xyz tv3 fid bid
           5.8420000000000002e+01   1.7786787387358426e-03   1.4244739566979126e+01 #xyz tv0
           5.8420000000000002e+01   6.4671566999999996e-01   1.4372345110000001e+01 #xyz tv1
           5.8423153940000020e+01   1.0408340855860843e-15   1.4249999999999991e+01 #xyz tv2
           5.8420000000000002e+01   4.9497475000000007e-01   1.4599441460000001e+01 -1 230 #xyz tv3 fid bid
